00000  7.1110282E-01  2.7189226E-01
00001 -1.3734045E+00 -2.6422350E+00
00002 -3.3115082E+00 -5.4448167E+00
00003 -5.1310949E+00 -8.2055688E+00
00004 -7.2016590E+00 -1.1022094E+01
00005 -9.2513083E+00 -1.4166284E+01
00006 -1.1105753E+01 -1.6975837E+01
00007 -1.2995055E+01 -1.9959680E+01
00008 -1.4772813E+01 -2.2818035E+01
00009 -1.6871263E+01 -2.5927367E+01
00010 -1.8893026E+01 -2.8569602E+01
00011 -2.0698669E+01 -3.1420984E+01
00012 -2.2504313E+01 -3.4376941E+01
00013 -2.4546991E+01 -3.7444444E+01
00014 -2.6415378E+01 -4.0330685E+01
00015 -2.8116448E+01 -4.3272698E+01
00016 -3.0089410E+01 -4.6298371E+01
00017 -3.1922939E+01 -4.9547135E+01
00018 -3.3868015E+01 -5.2489148E+01
00019 -3.5527255E+01 -5.5354475E+01
00020 -3.7604790E+01 -5.8219801E+01
00021 -3.9647468E+01 -6.0896894E+01
00022 -4.1397339E+01 -6.3692504E+01
00023 -4.3251783E+01 -6.6536915E+01
00024 -4.5238688E+01 -6.9513787E+01
00025 -4.7385940E+01 -7.2225738E+01
00026 -4.9351930E+01 -7.5342041E+01
00027 -5.1359750E+01 -7.8179481E+01
00028 -5.3074763E+01 -8.1240012E+01
00029 -5.4922236E+01 -8.3924076E+01
00030 -5.6943998E+01 -8.6838203E+01
00031 -5.8916960E+01 -8.9585012E+01
00032 -6.0889922E+01 -9.2331821E+01
00033 -6.2611906E+01 -9.5134403E+01
00034 -6.4319947E+01 -9.7923041E+01
00035 -6.6083761E+01 -1.0094871E+02
00036 -6.8028837E+01 -1.0350729E+02
00037 -7.0050600E+01 -1.0635867E+02
00038 -7.1856243E+01 -1.0909154E+02
00039 -7.3592170E+01 -1.1189412E+02
00040 -7.5432672E+01 -1.1491979E+02
00041 -7.7447463E+01 -1.1799427E+02
00042 -7.9308879E+01 -1.2114543E+02
00043 -8.1302756E+01 -1.2373189E+02
00044 -8.3108399E+01 -1.2660419E+02
00045 -8.4921014E+01 -1.2948346E+02
00046 -8.6733629E+01 -1.3214661E+02
00047 -8.8748421E+01 -1.3476793E+02
00048 -9.0498291E+01 -1.3758445E+02
00049 -9.2227247E+01 -1.4055435E+02
00050 -9.3991061E+01 -1.4343362E+02
00051 -9.5943108E+01 -1.4636866E+02
00052 -9.7909098E+01 -1.4922702E+02
00053 -9.9826287E+01 -1.5201566E+02
00054 -1.0164587E+02 -1.5492978E+02
00055 -1.0346546E+02 -1.5800426E+02
00056 -1.0536173E+02 -1.6074410E+02
00057 -1.0710463E+02 -1.6363034E+02
00058 -1.0881965E+02 -1.6637017E+02
00059 -1.1047191E+02 -1.6897058E+02
00060 -1.1235425E+02 -1.7186379E+02
00061 -1.1425052E+02 -1.7479186E+02
00062 -1.1610496E+02 -1.7757353E+02
00063 -1.1808490E+02 -1.8064103E+02
00064 -1.1981385E+02 -1.8333207E+02
00065 -1.2185653E+02 -1.8641351E+02
00066 -1.2363429E+02 -1.8933461E+02
00067 -1.2544690E+02 -1.9180256E+02
00068 -1.2730135E+02 -1.9465394E+02
00069 -1.2919762E+02 -1.9751927E+02
00070 -1.3104510E+02 -2.0053100E+02
00071 -1.3293440E+02 -2.0332661E+02
00072 -1.3496313E+02 -2.0595490E+02
00073 -1.3669906E+02 -2.0888297E+02
00074 -1.3843499E+02 -2.1150429E+02
00075 -1.4030338E+02 -2.1427201E+02
00076 -1.4208113E+02 -2.1711642E+02
00077 -1.4404015E+02 -2.2019090E+02
00078 -1.4583882E+02 -2.2334903E+02
00079 -1.4763052E+02 -2.2631196E+02
00080 -1.4963834E+02 -2.2894722E+02
00081 -1.5138124E+02 -2.3169403E+02
00082 -1.5320780E+02 -2.3467090E+02
00083 -1.5507619E+02 -2.3743863E+02
00084 -1.5707006E+02 -2.4013663E+02
00085 -1.5889662E+02 -2.4300196E+02
00086 -1.6109268E+02 -2.4593003E+02
00087 -1.6287043E+02 -2.4893479E+02
00088 -1.6460636E+02 -2.5176526E+02
00089 -1.6635623E+02 -2.5457481E+02
00090 -1.6804336E+02 -2.5730768E+02
00091 -1.6996752E+02 -2.5988019E+02
00092 -1.7175225E+02 -2.6270369E+02
00093 -1.7353000E+02 -2.6542959E+02
00094 -1.7532868E+02 -2.6796028E+02
00095 -1.7700883E+02 -2.7053279E+02
00096 -1.7874476E+02 -2.7316806E+02
00097 -1.8073863E+02 -2.7587304E+02
00098 -1.8252336E+02 -2.7864076E+02
00099 -1.8414077E+02 -2.8111568E+02
00100 -1.8598127E+02 -2.8401586E+02
00101 -1.8797515E+02 -2.8678358E+02
00102 -1.8985748E+02 -2.8965588E+02
00103 -1.9150975E+02 -2.9206805E+02
00104 -1.9345483E+02 -2.9477303E+02
00105 -1.9515589E+02 -2.9759653E+02
00106 -1.9690577E+02 -3.0039911E+02
00107 -1.9876718E+02 -3.0306923E+02
00108 -2.0063557E+02 -3.0587182E+02
00109 -2.0244818E+02 -3.0852799E+02
00110 -2.0424686E+02 -3.1096108E+02
00111 -2.0601764E+02 -3.1354057E+02
00112 -2.0766991E+02 -3.1625949E+02
00113 -2.0948950E+02 -3.1901327E+02
00114 -2.1130211E+02 -3.2181586E+02
00115 -2.1308684E+02 -3.2449295E+02
00116 -2.1488551E+02 -3.2708638E+02
00117 -2.1660750E+02 -3.2978439E+02
00118 -2.1830857E+02 -3.3275429E+02
00119 -2.2008632E+02 -3.3531287E+02
00120 -2.2189197E+02 -3.3801785E+02
00121 -2.2366275E+02 -3.4062522E+02
00122 -2.2530108E+02 -3.4321169E+02
00123 -2.2706489E+02 -3.4582603E+02
00124 -2.2866836E+02 -3.4837764E+02
00125 -2.3037640E+02 -3.5090833E+02
00126 -2.3194501E+02 -3.5350873E+02
00127 -2.3367396E+02 -3.5620674E+02
00128 -2.3537503E+02 -3.5859800E+02
00129 -2.3715976E+02 -3.6125418E+02
00130 -2.3902118E+02 -3.6390338E+02
00131 -2.4068042E+02 -3.6658745E+02
00132 -2.4257669E+02 -3.6920877E+02
00133 -2.4420107E+02 -3.7166974E+02
00134 -2.4594397E+02 -3.7429106E+02
00135 -2.4749167E+02 -3.7682872E+02
00136 -2.4933914E+02 -3.7912935E+02
00137 -2.5133999E+02 -3.8142300E+02
00138 -2.5303409E+02 -3.8389095E+02
00139 -2.5470727E+02 -3.8662382E+02
00140 -2.5620616E+02 -3.8926605E+02
00141 -2.5809547E+02 -3.9154576E+02
00142 -2.5975471E+02 -3.9409737E+02
00143 -2.6135817E+02 -3.9646771E+02
00144 -2.6317079E+02 -3.9896354E+02
00145 -2.6471848E+02 -4.0136177E+02
00146 -2.6623132E+02 -4.0394823E+02
00147 -2.6802302E+02 -4.0652772E+02
00148 -2.6977986E+02 -4.0910024E+02
00149 -2.7155065E+02 -4.1144270E+02
00150 -2.7313320E+02 -4.1377121E+02
00151 -2.7476455E+02 -4.1629493E+02
00152 -2.7651442E+02 -4.1882562E+02
00153 -2.7833401E+02 -4.2120990E+02
00154 -2.8004205E+02 -4.2390094E+02
00155 -2.8154094E+02 -4.2650135E+02
00156 -2.8328384E+02 -4.2899718E+02
00157 -2.8493611E+02 -4.3152090E+02
00158 -2.8660232E+02 -4.3397490E+02
00159 -2.8832431E+02 -4.3666593E+02
00160 -2.8995566E+02 -4.3958006E+02
00161 -2.9151730E+02 -4.4200618E+02
00162 -2.9326020E+02 -4.4452989E+02
00163 -2.9482184E+02 -4.4701875E+02
00164 -2.9662051E+02 -4.4963310E+02
00165 -2.9828672E+02 -4.5235203E+02
00166 -3.0000173E+02 -4.5492454E+02
00167 -3.0163309E+02 -4.5732277E+02
00168 -3.0325050E+02 -4.5990924E+02
00169 -3.0483305E+02 -4.6223775E+02
00170 -3.0651320E+02 -4.6486604E+02
00171 -3.0805393E+02 -4.6713181E+02
00172 -3.0964345E+02 -4.6972524E+02
00173 -3.1151184E+02 -4.7218622E+02
00174 -3.1323382E+02 -4.7443107E+02
00175 -3.1491398E+02 -4.7685021E+02
00176 -3.1644076E+02 -4.7922056E+02
00177 -3.1789085E+02 -4.8149330E+02
00178 -3.1950826E+02 -4.8390547E+02
00179 -3.2109081E+02 -4.8639433E+02
00180 -3.2279885E+02 -4.8876467E+02
00181 -3.2449992E+02 -4.9116290E+02
00182 -3.2609642E+02 -4.9331015E+02
00183 -3.2766503E+02 -4.9586873E+02
00184 -3.2910117E+02 -4.9824604E+02
00185 -3.3050247E+02 -5.0087434E+02
00186 -3.3221051E+02 -5.0309827E+02
00187 -3.3363968E+02 -5.0570565E+02
00188 -3.3534772E+02 -5.0794353E+02
00189 -3.3700696E+02 -5.1032085E+02
00190 -3.3844311E+02 -5.1262845E+02
00191 -3.4001172E+02 -5.1515216E+02
00192 -3.4151759E+02 -5.1748068E+02
00193 -3.4303042E+02 -5.2008805E+02
00194 -3.4444566E+02 -5.2250720E+02
00195 -3.4593758E+02 -5.2505183E+02
00196 -3.4752710E+02 -5.2754766E+02
00197 -3.4908177E+02 -5.2964611E+02
00198 -3.5059461E+02 -5.3208617E+02
00199 -3.5219110E+02 -5.3461686E+02
00200 -3.5385034E+02 -5.3684777E+02
00201 -3.5572570E+02 -5.3933663E+02
00202 -3.5707819E+02 -5.4147691E+02
00203 -3.5876532E+02 -5.4390303E+02
00204 -3.6026421E+02 -5.4641977E+02
00205 -3.6181190E+02 -5.4881800E+02
00206 -3.6328988E+02 -5.5125806E+02
00207 -3.6488638E+02 -5.5373298E+02
00208 -3.6633647E+02 -5.5610332E+02
00209 -3.6781445E+02 -5.5839000E+02
00210 -3.6940397E+02 -5.6062092E+02
00211 -3.7080526E+02 -5.6300520E+02
00212 -3.7235296E+02 -5.6542435E+02
00213 -3.7387974E+02 -5.6744611E+02
00214 -3.7539955E+02 -5.6964216E+02
00215 -3.7700301E+02 -5.7191490E+02
00216 -3.7842522E+02 -5.7427130E+02
00217 -3.8000080E+02 -5.7671833E+02
00218 -3.8166004E+02 -5.7895621E+02
00219 -3.8324956E+02 -5.8124987E+02
00220 -3.8468571E+02 -5.8362718E+02
00221 -3.8617763E+02 -5.8572563E+02
00222 -3.8768350E+02 -5.8792866E+02
00223 -3.8933577E+02 -5.9034780E+02
00224 -3.9102986E+02 -5.9255083E+02
00225 -3.9252179E+02 -5.9527672E+02
00226 -3.9425771E+02 -5.9757735E+02
00227 -3.9572872E+02 -5.9999649E+02
00228 -3.9731127E+02 -6.0264570E+02
00229 -3.9877531E+02 -6.0489752E+02
00230 -4.0009294E+02 -6.0705872E+02
00231 -4.0147332E+02 -6.0931752E+02
00232 -4.0290249E+02 -6.1187609E+02
00233 -4.0451990E+02 -6.1421158E+02
00234 -4.0614429E+02 -6.1638671E+02
00235 -4.0756649E+02 -6.1868734E+02
00236 -4.0905144E+02 -6.2079276E+02
00237 -4.1050850E+02 -6.2297487E+02
00238 -4.1175642E+02 -6.2531733E+02
00239 -4.1319954E+02 -6.2765281E+02
00240 -4.1485878E+02 -6.2996041E+02
00241 -4.1632979E+02 -6.3227498E+02
00242 -4.1768925E+02 -6.3461047E+02
00243 -4.1926483E+02 -6.3693898E+02
00244 -4.2070795E+02 -6.3915595E+02
00245 -4.2229747E+02 -6.4137292E+02
00246 -4.2364996E+02 -6.4379206E+02
00247 -4.2529526E+02 -6.4620423E+02
00248 -4.2676627E+02 -6.4856063E+02
00249 -4.2812573E+02 -6.5072183E+02
00250 -4.2958976E+02 -6.5285513E+02
00251 -4.3107471E+02 -6.5510696E+02
00252 -4.3288733E+02 -6.5742153E+02
00253 -4.3433045E+02 -6.5954787E+02
00254 -4.3580843E+02 -6.6196004E+02
00255 -4.3714000E+02 -6.6421186E+02
00256 -4.3857615E+02 -6.6638003E+02
00257 -4.4013779E+02 -6.6861094E+02
00258 -4.4166457E+02 -6.7070939E+02
00259 -4.4303100E+02 -6.7294030E+02
00260 -4.4429286E+02 -6.7499692E+02
00261 -4.4563838E+02 -6.7718601E+02
00262 -4.4713727E+02 -6.7950058E+02
00263 -4.4862222E+02 -6.8166177E+02
00264 -4.5034421E+02 -6.8376022E+02
00265 -4.5164789E+02 -6.8608873E+02
00266 -4.5332108E+02 -6.8832662E+02
00267 -4.5458294E+02 -6.9053661E+02
00268 -4.5610274E+02 -6.9295576E+02
00269 -4.5751798E+02 -6.9526335E+02
00270 -4.5884258E+02 -6.9767553E+02
00271 -4.6036239E+02 -7.0003890E+02
00272 -4.6186128E+02 -7.0225587E+02
00273 -4.6336715E+02 -7.0432643E+02
00274 -4.6484513E+02 -7.0648065E+02
00275 -4.6614184E+02 -7.0879522E+02
00276 -4.6750828E+02 -7.1106796E+02
00277 -4.6895837E+02 -7.1287361E+02
00278 -4.7049212E+02 -7.1511846E+02
00279 -4.7187249E+02 -7.1764218E+02
00280 -4.7341322E+02 -7.1993583E+02
00281 -4.7470993E+02 -7.2215280E+02
00282 -4.7609728E+02 -7.2446737E+02
00283 -4.7747766E+02 -7.2676800E+02
00284 -4.7896958E+02 -7.2906165E+02
00285 -4.8046150E+02 -7.3135531E+02
00286 -4.8178610E+02 -7.3336313E+02
00287 -4.8316648E+02 -7.3560798E+02
00288 -4.8465840E+02 -7.3795741E+02
00289 -4.8599695E+02 -7.4012558E+02
00290 -4.8746796E+02 -7.4216825E+02
00291 -4.8900171E+02 -7.4446191E+02
00292 -4.9047271E+02 -7.4642790E+02
00293 -4.9183915E+02 -7.4870761E+02
00294 -4.9334501E+02 -7.5082698E+02
00295 -4.9490665E+02 -7.5312760E+02
00296 -4.9642646E+02 -7.5528183E+02
00297 -4.9784169E+02 -7.5742908E+02
00298 -4.9938939E+02 -7.5958330E+02
00299 -5.0087434E+02 -7.6191182E+02
00300 -5.0225471E+02 -7.6412181E+02
00301 -5.0356537E+02 -7.6622026E+02
00302 -5.0497363E+02 -7.6831174E+02
00303 -5.0651436E+02 -7.7075877E+02
00304 -5.0789473E+02 -7.7302454E+02
00305 -5.0912871E+02 -7.7512299E+02
00306 -5.1067640E+02 -7.7741665E+02
00307 -5.1204980E+02 -7.7965453E+02
00308 -5.1315829E+02 -7.8166235E+02
00309 -5.1452472E+02 -7.8384446E+02
00310 -5.1591207E+02 -7.8599868E+02
00311 -5.1709724E+02 -7.8815290E+02
00312 -5.1844973E+02 -7.9035593E+02
00313 -5.1964884E+02 -7.9260775E+02
00314 -5.2102225E+02 -7.9463649E+02
00315 -5.2229805E+02 -7.9679768E+02
00316 -5.2365751E+02 -7.9886825E+02
00317 -5.2510063E+02 -8.0116190E+02
00318 -5.2669016E+02 -8.0336493E+02
00319 -5.2816813E+02 -8.0531000E+02
00320 -5.2952760E+02 -8.0749211E+02
00321 -5.3089403E+02 -8.0977182E+02
00322 -5.3224652E+02 -8.1190513E+02
00323 -5.3357112E+02 -8.1410119E+02
00324 -5.3490967E+02 -8.1620661E+02
00325 -5.3629004E+02 -8.1851421E+02
00326 -5.3753796E+02 -8.2086363E+02
00327 -5.3886954E+02 -8.2309454E+02
00328 -5.4020111E+02 -8.2501173E+02
00329 -5.4160937E+02 -8.2681041E+02
00330 -5.4294095E+02 -8.2877640E+02
00331 -5.4440498E+02 -8.3086787E+02
00332 -5.4574353E+02 -8.3288964E+02
00333 -5.4705419E+02 -8.3509963E+02
00334 -5.4832999E+02 -8.3707259E+02
00335 -5.4963368E+02 -8.3917105E+02
00336 -5.5115349E+02 -8.4096275E+02
00337 -5.5249203E+02 -8.4319366E+02
00338 -5.5392121E+02 -8.4531302E+02
00339 -5.5515518E+02 -8.4743936E+02
00340 -5.5645887E+02 -8.4951689E+02
00341 -5.5787411E+02 -8.5160837E+02
00342 -5.5905231E+02 -8.5367894E+02
00343 -5.6036297E+02 -8.5572859E+02
00344 -5.6172940E+02 -8.5793161E+02
00345 -5.6296337E+02 -8.6000915E+02
00346 -5.6421129E+02 -8.6208668E+02
00347 -5.6554983E+02 -8.6425485E+02
00348 -5.6668620E+02 -8.6637421E+02
00349 -5.6800384E+02 -8.6841689E+02
00350 -5.6920992E+02 -8.7025739E+02
00351 -5.7044389E+02 -8.7244647E+02
00352 -5.7174758E+02 -8.7430092E+02
00353 -5.7314190E+02 -8.7631571E+02
00354 -5.7423644E+02 -8.7851873E+02
00355 -5.7555407E+02 -8.8025466E+02
00356 -5.7678108E+02 -8.8213699E+02
00357 -5.7797322E+02 -8.8431213E+02
00358 -5.7920719E+02 -8.8657790E+02
00359 -5.8048299E+02 -8.8863452E+02
00360 -5.8184245E+02 -8.9072600E+02
00361 -5.8302065E+02 -8.9278959E+02
00362 -5.8429646E+02 -8.9474861E+02
00363 -5.8571169E+02 -8.9674946E+02
00364 -5.8714087E+02 -8.9872939E+02
00365 -5.8836090E+02 -9.0079996E+02
00366 -5.8961578E+02 -9.0270320E+02
00367 -5.9103102E+02 -9.0494108E+02
00368 -5.9222316E+02 -9.0707439E+02
00369 -5.9349896E+02 -9.0889398E+02
00370 -5.9487237E+02 -9.1065082E+02
00371 -5.9622486E+02 -9.1272836E+02
00372 -5.9745883E+02 -9.1460372E+02
00373 -5.9869977E+02 -9.1664640E+02
00374 -5.9996163E+02 -9.1850084E+02
00375 -6.0133504E+02 -9.2036226E+02
00376 -6.0288273E+02 -9.2232825E+02
00377 -6.0434677E+02 -9.2437790E+02
00378 -6.0578292E+02 -9.2624628E+02
00379 -6.0678683E+02 -9.2815650E+02
00380 -6.0813932E+02 -9.3021312E+02
00381 -6.0933843E+02 -9.3229066E+02
00382 -6.1061423E+02 -9.3422876E+02
00383 -6.1187609E+02 -9.3644573E+02
00384 -6.1299852E+02 -9.3826532E+02
00385 -6.1426735E+02 -9.4034982E+02
00386 -6.1559195E+02 -9.4231581E+02
00387 -6.1681895E+02 -9.4413540E+02
00388 -6.1817144E+02 -9.4623385E+02
00389 -6.1949605E+02 -9.4818590E+02
00390 -6.2090431E+02 -9.5017977E+02
00391 -6.2226377E+02 -9.5211788E+02
00392 -6.2344197E+02 -9.5429302E+02
00393 -6.2485720E+02 -9.5651695E+02
00394 -6.2615392E+02 -9.5869906E+02
00395 -6.2745761E+02 -9.6086723E+02
00396 -6.2886587E+02 -9.6297265E+02
00397 -6.3004407E+02 -9.6514082E+02
00398 -6.3113164E+02 -9.6714864E+02
00399 -6.3235864E+02 -9.6914252E+02
00400 -6.3361353E+02 -9.7115033E+02
00401 -6.3481264E+02 -9.7304661E+02
00402 -6.3601873E+02 -9.7513112E+02
00403 -6.3715510E+02 -9.7706922E+02
00404 -6.3831936E+02 -9.7902824E+02
00405 -6.3952544E+02 -9.8125915E+02
00406 -6.4075244E+02 -9.8316240E+02
00407 -6.4192367E+02 -9.8512141E+02
00408 -6.4315764E+02 -9.8715712E+02
00409 -6.4444042E+02 -9.8914402E+02
00410 -6.4576502E+02 -9.9104727E+02
00411 -6.4699899E+02 -9.9289474E+02
00412 -6.4837937E+02 -9.9470039E+02
00413 -6.4970397E+02 -9.9662455E+02
00414 -6.5095886E+02 -9.9855568E+02
00415 -6.5211615E+02 -1.0005356E+03
00416 -6.5329435E+02 -1.0023134E+03
00417 -6.5463289E+02 -1.0041539E+03
00418 -6.5572046E+02 -1.0060083E+03
00419 -6.5684986E+02 -1.0079255E+03
00420 -6.5804897E+02 -1.0097311E+03
00421 -6.5934569E+02 -1.0117459E+03
00422 -6.6062846E+02 -1.0138932E+03
00423 -6.6191821E+02 -1.0159428E+03
00424 -6.6323584E+02 -1.0178600E+03
00425 -6.6438615E+02 -1.0197214E+03
00426 -6.6547372E+02 -1.0215410E+03
00427 -6.6677741E+02 -1.0233258E+03
00428 -6.6812990E+02 -1.0252081E+03
00429 -6.6932205E+02 -1.0271253E+03
00430 -6.7047236E+02 -1.0290076E+03
00431 -6.7167844E+02 -1.0307505E+03
00432 -6.7284270E+02 -1.0327653E+03
00433 -6.7404182E+02 -1.0346616E+03
00434 -6.7520607E+02 -1.0365021E+03
00435 -6.7632153E+02 -1.0383426E+03
00436 -6.7754853E+02 -1.0401691E+03
00437 -6.7890799E+02 -1.0420236E+03
00438 -6.8023956E+02 -1.0439059E+03
00439 -6.8136199E+02 -1.0458231E+03
00440 -6.8256808E+02 -1.0476845E+03
00441 -6.8378811E+02 -1.0495250E+03
00442 -6.8496631E+02 -1.0513934E+03
00443 -6.8603993E+02 -1.0533106E+03
00444 -6.8719722E+02 -1.0552836E+03
00445 -6.8838239E+02 -1.0571519E+03
00446 -6.8962333E+02 -1.0590482E+03
00447 -6.9073879E+02 -1.0606517E+03
00448 -6.9200065E+02 -1.0624713E+03
00449 -6.9324159E+02 -1.0642769E+03
00450 -6.9436402E+02 -1.0660895E+03
00451 -6.9554222E+02 -1.0680486E+03
00452 -6.9676922E+02 -1.0696729E+03
00453 -6.9791953E+02 -1.0715832E+03
00454 -6.9911865E+02 -1.0734167E+03
00455 -7.0029685E+02 -1.0753339E+03
00456 -7.0131470E+02 -1.0773556E+03
00457 -7.0248593E+02 -1.0790149E+03
00458 -7.0376870E+02 -1.0808205E+03
00459 -7.0496085E+02 -1.0826540E+03
00460 -7.0597173E+02 -1.0844597E+03
00461 -7.0719176E+02 -1.0861120E+03
00462 -7.0848847E+02 -1.0879037E+03
00463 -7.0975033E+02 -1.0896814E+03
00464 -7.1091459E+02 -1.0915219E+03
00465 -7.1208582E+02 -1.0935855E+03
00466 -7.1315247E+02 -1.0954748E+03
00467 -7.1423307E+02 -1.0971480E+03
00468 -7.1559950E+02 -1.0988770E+03
00469 -7.1667313E+02 -1.1007314E+03
00470 -7.1786527E+02 -1.1025998E+03
00471 -7.1893890E+02 -1.1044821E+03
00472 -7.2004041E+02 -1.1063226E+03
00473 -7.2121164E+02 -1.1081004E+03
00474 -7.2237589E+02 -1.1099827E+03
00475 -7.2356106E+02 -1.1118232E+03
00476 -7.2453012E+02 -1.1136149E+03
00477 -7.2562466E+02 -1.1154693E+03
00478 -7.2682377E+02 -1.1174144E+03
00479 -7.2795317E+02 -1.1192828E+03
00480 -7.2918017E+02 -1.1212488E+03
00481 -7.3028865E+02 -1.1229708E+03
00482 -7.3143897E+02 -1.1246997E+03
00483 -7.3261717E+02 -1.1265193E+03
00484 -7.3389994E+02 -1.1281646E+03
00485 -7.3499448E+02 -1.1299772E+03
00486 -7.3616571E+02 -1.1316853E+03
00487 -7.3740665E+02 -1.1334979E+03
00488 -7.3864063E+02 -1.1352408E+03
00489 -7.3963059E+02 -1.1368931E+03
00490 -7.4085759E+02 -1.1385384E+03
00491 -7.4211945E+02 -1.1401767E+03
00492 -7.4308851E+02 -1.1420311E+03
00493 -7.4421790E+02 -1.1439413E+03
00494 -7.4529153E+02 -1.1458237E+03
00495 -7.4651853E+02 -1.1475108E+03
00496 -7.4779433E+02 -1.1495186E+03
00497 -7.4875641E+02 -1.1511779E+03
00498 -7.4980215E+02 -1.1530672E+03
00499 -7.5080606E+02 -1.1548868E+03
00500 -7.5212369E+02 -1.1567482E+03
00501 -7.5319035E+02 -1.1585956E+03
00502 -7.5430580E+02 -1.1603385E+03
00503 -7.5539337E+02 -1.1620396E+03
00504 -7.5663432E+02 -1.1639429E+03
00505 -7.5785435E+02 -1.1657694E+03
00506 -7.5897677E+02 -1.1676657E+03
00507 -7.6013406E+02 -1.1695620E+03
00508 -7.6120071E+02 -1.1713258E+03
00509 -7.6235103E+02 -1.1733615E+03
00510 -7.6374535E+02 -1.1751183E+03
00511 -7.6472137E+02 -1.1767776E+03
00512 -7.6597626E+02 -1.1784996E+03
00513 -7.6721023E+02 -1.1802215E+03
00514 -7.6822808E+02 -1.1818111E+03
00515 -7.6935051E+02 -1.1837422E+03
00516 -7.7047991E+02 -1.1857082E+03
00517 -7.7160931E+02 -1.1875347E+03
00518 -7.7271779E+02 -1.1894589E+03
00519 -7.7374959E+02 -1.1912506E+03
00520 -7.7473955E+02 -1.1929447E+03
00521 -7.7605718E+02 -1.1947713E+03
00522 -7.7713081E+02 -1.1967791E+03
00523 -7.7826021E+02 -1.1985568E+03
00524 -7.7952904E+02 -1.2003206E+03
00525 -7.8079787E+02 -1.2022239E+03
00526 -7.8179481E+02 -1.2039040E+03
00527 -7.8303575E+02 -1.2057515E+03
00528 -7.8415818E+02 -1.2074038E+03
00529 -7.8539215E+02 -1.2093070E+03
00530 -7.8651458E+02 -1.2108966E+03
00531 -7.8768581E+02 -1.2128277E+03
00532 -7.8882915E+02 -1.2146473E+03
00533 -7.8990975E+02 -1.2164250E+03
00534 -7.9092760E+02 -1.2180773E+03
00535 -7.9194545E+02 -1.2196529E+03
00536 -7.9301211E+02 -1.2213400E+03
00537 -7.9402299E+02 -1.2229993E+03
00538 -7.9505478E+02 -1.2247003E+03
00539 -7.9607961E+02 -1.2264223E+03
00540 -7.9707655E+02 -1.2281931E+03
00541 -7.9819200E+02 -1.2297966E+03
00542 -7.9933534E+02 -1.2316022E+03
00543 -8.0052052E+02 -1.2333451E+03
00544 -8.0161506E+02 -1.2351019E+03
00545 -8.0273051E+02 -1.2368239E+03
00546 -8.0385294E+02 -1.2385599E+03
00547 -8.0485685E+02 -1.2404561E+03
00548 -8.0594442E+02 -1.2422269E+03
00549 -8.0687861E+02 -1.2440674E+03
00550 -8.0807075E+02 -1.2459707E+03
00551 -8.0904678E+02 -1.2477554E+03
00552 -8.1001583E+02 -1.2494216E+03
00553 -8.1102671E+02 -1.2511506E+03
00554 -8.1210034E+02 -1.2528795E+03
00555 -8.1305545E+02 -1.2546294E+03
00556 -8.1411513E+02 -1.2563514E+03
00557 -8.1524453E+02 -1.2580664E+03
00558 -8.1638787E+02 -1.2598999E+03
00559 -8.1732903E+02 -1.2614267E+03
00560 -8.1834689E+02 -1.2632323E+03
00561 -8.1934383E+02 -1.2648009E+03
00562 -8.2037562E+02 -1.2663347E+03
00563 -8.2128890E+02 -1.2681682E+03
00564 -8.2230675E+02 -1.2699808E+03
00565 -8.2337341E+02 -1.2715494E+03
00566 -8.2441915E+02 -1.2731878E+03
00567 -8.2545094E+02 -1.2749864E+03
00568 -8.2655943E+02 -1.2768060E+03
00569 -8.2756334E+02 -1.2786674E+03
00570 -8.2855330E+02 -1.2804731E+03
00571 -8.2961996E+02 -1.2822369E+03
00572 -8.3068661E+02 -1.2840425E+03
00573 -8.3181601E+02 -1.2857157E+03
00574 -8.3302210E+02 -1.2874029E+03
00575 -8.3406784E+02 -1.2892224E+03
00576 -8.3504386E+02 -1.2908608E+03
00577 -8.3611749E+02 -1.2925688E+03
00578 -8.3720506E+02 -1.2942350E+03
00579 -8.3826474E+02 -1.2959849E+03
00580 -8.3921985E+02 -1.2977626E+03
00581 -8.4021678E+02 -1.2994358E+03
00582 -8.4127647E+02 -1.3010742E+03
00583 -8.4222460E+02 -1.3028798E+03
00584 -8.4320760E+02 -1.3045321E+03
00585 -8.4422545E+02 -1.3062053E+03
00586 -8.4534091E+02 -1.3077529E+03
00587 -8.4633785E+02 -1.3094958E+03
00588 -8.4741147E+02 -1.3110714E+03
00589 -8.4854087E+02 -1.3128562E+03
00590 -8.4953084E+02 -1.3145503E+03
00591 -8.5062538E+02 -1.3160840E+03
00592 -8.5157352E+02 -1.3177642E+03
00593 -8.5274474E+02 -1.3194304E+03
00594 -8.5385323E+02 -1.3213685E+03
00595 -8.5491291E+02 -1.3231602E+03
00596 -8.5592379E+02 -1.3250286E+03
00597 -8.5692073E+02 -1.3264717E+03
00598 -8.5800830E+02 -1.3280752E+03
00599 -8.5897735E+02 -1.3296228E+03
00600 -8.5995337E+02 -1.3313239E+03
00601 -8.6078997E+02 -1.3328228E+03
00602 -8.6201697E+02 -1.3344193E+03
00603 -8.6306271E+02 -1.3360367E+03
00604 -8.6417816E+02 -1.3375705E+03
00605 -8.6532150E+02 -1.3393134E+03
00606 -8.6629056E+02 -1.3410284E+03
00607 -8.6735721E+02 -1.3427225E+03
00608 -8.6820774E+02 -1.3444166E+03
00609 -8.6914891E+02 -1.3463338E+03
00610 -8.7022254E+02 -1.3480697E+03
00611 -8.7124736E+02 -1.3495965E+03
00612 -8.7234887E+02 -1.3514718E+03
00613 -8.7333187E+02 -1.3530823E+03
00614 -8.7446824E+02 -1.3544836E+03
00615 -8.7545820E+02 -1.3560034E+03
00616 -8.7663640E+02 -1.3576905E+03
00617 -8.7763334E+02 -1.3593916E+03
00618 -8.7860239E+02 -1.3612181E+03
00619 -8.7966208E+02 -1.3628704E+03
00620 -8.8056141E+02 -1.3643414E+03
00621 -8.8159321E+02 -1.3660634E+03
00622 -8.8254832E+02 -1.3678202E+03
00623 -8.8355920E+02 -1.3693400E+03
00624 -8.8459797E+02 -1.3708459E+03
00625 -8.8538576E+02 -1.3724563E+03
00626 -8.8641755E+02 -1.3739134E+03
00627 -8.8735872E+02 -1.3757190E+03
00628 -8.8840446E+02 -1.3774619E+03
00629 -8.8954780E+02 -1.3789469E+03
00630 -8.9047502E+02 -1.3806758E+03
00631 -8.9148590E+02 -1.3823490E+03
00632 -8.9253164E+02 -1.3837364E+03
00633 -8.9358435E+02 -1.3852841E+03
00634 -8.9473467E+02 -1.3867690E+03
00635 -8.9568280E+02 -1.3883725E+03
00636 -8.9660306E+02 -1.3898784E+03
00637 -8.9749542E+02 -1.3916073E+03
00638 -8.9842961E+02 -1.3932735E+03
00639 -8.9939867E+02 -1.3947166E+03
00640 -9.0028406E+02 -1.3963480E+03
00641 -9.0124614E+02 -1.3980700E+03
00642 -9.0218033E+02 -1.3996595E+03
00643 -9.0305178E+02 -1.4015906E+03
00644 -9.0416027E+02 -1.4030895E+03
00645 -9.0509446E+02 -1.4049091E+03
00646 -9.0615414E+02 -1.4064638E+03
00647 -9.0710925E+02 -1.4078023E+03
00648 -9.0805739E+02 -1.4093640E+03
00649 -9.0899855E+02 -1.4108141E+03
00650 -9.1007915E+02 -1.4122711E+03
00651 -9.1118764E+02 -1.4138397E+03
00652 -9.1213577E+02 -1.4154502E+03
00653 -9.1295842E+02 -1.4170885E+03
00654 -9.1400416E+02 -1.4185595E+03
00655 -9.1493138E+02 -1.4201909E+03
00656 -9.1604684E+02 -1.4219756E+03
00657 -9.1696709E+02 -1.4237045E+03
00658 -9.1795706E+02 -1.4252662E+03
00659 -9.1889125E+02 -1.4267581E+03
00660 -9.1981847E+02 -1.4283058E+03
00661 -9.2094787E+02 -1.4297698E+03
00662 -9.2207030E+02 -1.4314360E+03
00663 -9.2289992E+02 -1.4329349E+03
00664 -9.2386200E+02 -1.4344617E+03
00665 -9.2478225E+02 -1.4360443E+03
00666 -9.2583496E+02 -1.4376965E+03
00667 -9.2669944E+02 -1.4392303E+03
00668 -9.2770335E+02 -1.4407640E+03
00669 -9.2862360E+02 -1.4422350E+03
00670 -9.2951596E+02 -1.4437060E+03
00671 -9.3040135E+02 -1.4453513E+03
00672 -9.3128675E+02 -1.4467457E+03
00673 -9.3225580E+02 -1.4483352E+03
00674 -9.3335034E+02 -1.4498132E+03
00675 -9.3434728E+02 -1.4513260E+03
00676 -9.3537210E+02 -1.4526785E+03
00677 -9.3643179E+02 -1.4542122E+03
00678 -9.3735204E+02 -1.4556205E+03
00679 -9.3832109E+02 -1.4571124E+03
00680 -9.3927620E+02 -1.4586043E+03
00681 -9.4016159E+02 -1.4602357E+03
00682 -9.4110275E+02 -1.4617834E+03
00683 -9.4206484E+02 -1.4632753E+03
00684 -9.4304783E+02 -1.4649485E+03
00685 -9.4396808E+02 -1.4666426E+03
00686 -9.4489530E+02 -1.4682530E+03
00687 -9.4572492E+02 -1.4697938E+03
00688 -9.4677066E+02 -1.4710835E+03
00689 -9.4769788E+02 -1.4725266E+03
00690 -9.4853448E+02 -1.4742068E+03
00691 -9.4951747E+02 -1.4756778E+03
00692 -9.5051441E+02 -1.4769675E+03
00693 -9.5135100E+02 -1.4784525E+03
00694 -9.5215971E+02 -1.4799095E+03
00695 -9.5294053E+02 -1.4816664E+03
00696 -9.5399324E+02 -1.4830747E+03
00697 -9.5503200E+02 -1.4846781E+03
00698 -9.5588254E+02 -1.4862398E+03
00699 -9.5687948E+02 -1.4877944E+03
00700 -9.5790430E+02 -1.4895025E+03
00701 -9.5892215E+02 -1.4912105E+03
00702 -9.5977269E+02 -1.4928209E+03
00703 -9.6064414E+02 -1.4942501E+03
00704 -9.6148770E+02 -1.4956932E+03
00705 -9.6235915E+02 -1.4974013E+03
00706 -9.6339792E+02 -1.4988374E+03
00707 -9.6431120E+02 -1.5003642E+03
00708 -9.6531511E+02 -1.5018840E+03
00709 -9.6624233E+02 -1.5034666E+03
00710 -9.6728110E+02 -1.5048888E+03
00711 -9.6827107E+02 -1.5063110E+03
00712 -9.6926103E+02 -1.5079354E+03
00713 -9.7010460E+02 -1.5093367E+03
00714 -9.7109456E+02 -1.5107379E+03
00715 -9.7204270E+02 -1.5123763E+03
00716 -9.7287232E+02 -1.5141122E+03
00717 -9.7396686E+02 -1.5155832E+03
00718 -9.7482437E+02 -1.5170194E+03
00719 -9.7557730E+02 -1.5186786E+03
00720 -9.7651149E+02 -1.5201914E+03
00721 -9.7739689E+02 -1.5217112E+03
00722 -9.7833805E+02 -1.5233635E+03
00723 -9.7924436E+02 -1.5246254E+03
00724 -9.8026918E+02 -1.5262497E+03
00725 -9.8110577E+02 -1.5279229E+03
00726 -9.8188659E+02 -1.5293312E+03
00727 -9.8271621E+02 -1.5308649E+03
00728 -9.8368526E+02 -1.5323290E+03
00729 -9.8468917E+02 -1.5339324E+03
00730 -9.8564428E+02 -1.5354244E+03
00731 -9.8657848E+02 -1.5368535E+03
00732 -9.8746387E+02 -1.5383873E+03
00733 -9.8830046E+02 -1.5397607E+03
00734 -9.8919283E+02 -1.5413363E+03
00735 -9.9008519E+02 -1.5430304E+03
00736 -9.9095664E+02 -1.5445362E+03
00737 -9.9179323E+02 -1.5461606E+03
00738 -9.9276925E+02 -1.5473528E+03
00739 -9.9371739E+02 -1.5486565E+03
00740 -9.9454701E+02 -1.5503018E+03
00741 -9.9558578E+02 -1.5518216E+03
00742 -9.9655483E+02 -1.5531880E+03
00743 -9.9748205E+02 -1.5546451E+03
00744 -9.9827682E+02 -1.5561997E+03
00745 -9.9932256E+02 -1.5578311E+03
00746 -1.0002498E+03 -1.5596088E+03
00747 -1.0011491E+03 -1.5609822E+03
00748 -1.0019996E+03 -1.5625090E+03
00749 -1.0029129E+03 -1.5639731E+03
00750 -1.0038541E+03 -1.5655207E+03
00751 -1.0048371E+03 -1.5672148E+03
00752 -1.0059177E+03 -1.5686580E+03
00753 -1.0068798E+03 -1.5700453E+03
00754 -1.0078279E+03 -1.5717115E+03
00755 -1.0088527E+03 -1.5730570E+03
00756 -1.0097521E+03 -1.5743677E+03
00757 -1.0106096E+03 -1.5757132E+03
00758 -1.0114880E+03 -1.5771424E+03
00759 -1.0123176E+03 -1.5784391E+03
00760 -1.0130566E+03 -1.5799101E+03
00761 -1.0138932E+03 -1.5813532E+03
00762 -1.0147925E+03 -1.5828452E+03
00763 -1.0156640E+03 -1.5841279E+03
00764 -1.0166191E+03 -1.5856617E+03
00765 -1.0174417E+03 -1.5870281E+03
00766 -1.0184178E+03 -1.5883667E+03
00767 -1.0193729E+03 -1.5898586E+03
00768 -1.0203559E+03 -1.5913087E+03
00769 -1.0212064E+03 -1.5927239E+03
00770 -1.0222033E+03 -1.5940276E+03
00771 -1.0231654E+03 -1.5953940E+03
00772 -1.0239671E+03 -1.5967535E+03
00773 -1.0249501E+03 -1.5980711E+03
00774 -1.0257379E+03 -1.5996328E+03
00775 -1.0265885E+03 -1.6010759E+03
00776 -1.0275227E+03 -1.6024772E+03
00777 -1.0282686E+03 -1.6037530E+03
00778 -1.0291331E+03 -1.6049870E+03
00779 -1.0299279E+03 -1.6063534E+03
00780 -1.0307714E+03 -1.6075943E+03
00781 -1.0317823E+03 -1.6090165E+03
00782 -1.0324795E+03 -1.6104039E+03
00783 -1.0334346E+03 -1.6117424E+03
00784 -1.0345082E+03 -1.6131925E+03
00785 -1.0353448E+03 -1.6146356E+03
00786 -1.0362999E+03 -1.6159184E+03
00787 -1.0370180E+03 -1.6172082E+03
00788 -1.0379313E+03 -1.6186443E+03
00789 -1.0388724E+03 -1.6200805E+03
00790 -1.0397439E+03 -1.6214051E+03
00791 -1.0405317E+03 -1.6226390E+03
00792 -1.0412985E+03 -1.6240403E+03
00793 -1.0420236E+03 -1.6255462E+03
00794 -1.0427347E+03 -1.6269684E+03
00795 -1.0436828E+03 -1.6283557E+03
00796 -1.0446100E+03 -1.6297989E+03
00797 -1.0455233E+03 -1.6312699E+03
00798 -1.0463808E+03 -1.6326014E+03
00799 -1.0471965E+03 -1.6341143E+03
00800 -1.0478797E+03 -1.6355016E+03
00801 -1.0486745E+03 -1.6368123E+03
00802 -1.0493995E+03 -1.6381927E+03
00803 -1.0502222E+03 -1.6396497E+03
00804 -1.0511215E+03 -1.6410301E+03
00805 -1.0517559E+03 -1.6425011E+03
00806 -1.0526344E+03 -1.6439373E+03
00807 -1.0533803E+03 -1.6452758E+03
00808 -1.0542518E+03 -1.6467468E+03
00809 -1.0551302E+03 -1.6480087E+03
00810 -1.0559319E+03 -1.6493821E+03
00811 -1.0566988E+03 -1.6507903E+03
00812 -1.0576190E+03 -1.6522125E+03
00813 -1.0585184E+03 -1.6535929E+03
00814 -1.0593131E+03 -1.6548339E+03
00815 -1.0602334E+03 -1.6561933E+03
00816 -1.0610979E+03 -1.6576155E+03
00817 -1.0617811E+03 -1.6592120E+03
00818 -1.0627292E+03 -1.6606412E+03
00819 -1.0636355E+03 -1.6618891E+03
00820 -1.0645140E+03 -1.6632556E+03
00821 -1.0652041E+03 -1.6645104E+03
00822 -1.0660686E+03 -1.6658769E+03
00823 -1.0667727E+03 -1.6672921E+03
00824 -1.0675954E+03 -1.6685191E+03
00825 -1.0683204E+03 -1.6697322E+03
00826 -1.0692337E+03 -1.6708825E+03
00827 -1.0700773E+03 -1.6722141E+03
00828 -1.0709418E+03 -1.6734829E+03
00829 -1.0717644E+03 -1.6748005E+03
00830 -1.0725871E+03 -1.6760833E+03
00831 -1.0734585E+03 -1.6774846E+03
00832 -1.0743300E+03 -1.6791090E+03
00833 -1.0751666E+03 -1.6803639E+03
00834 -1.0760241E+03 -1.6817791E+03
00835 -1.0769931E+03 -1.6829294E+03
00836 -1.0778715E+03 -1.6841355E+03
00837 -1.0787081E+03 -1.6855089E+03
00838 -1.0795099E+03 -1.6868405E+03
00839 -1.0803813E+03 -1.6880605E+03
00840 -1.0812179E+03 -1.6894688E+03
00841 -1.0820754E+03 -1.6908003E+03
00842 -1.0829817E+03 -1.6920831E+03
00843 -1.0837765E+03 -1.6933589E+03
00844 -1.0845643E+03 -1.6947602E+03
00845 -1.0852057E+03 -1.6960360E+03
00846 -1.0860213E+03 -1.6974233E+03
00847 -1.0868300E+03 -1.6987201E+03
00848 -1.0874784E+03 -1.7000168E+03
00849 -1.0884684E+03 -1.7014460E+03
00850 -1.0891864E+03 -1.7027706E+03
00851 -1.0900091E+03 -1.7041370E+03
00852 -1.0908526E+03 -1.7053431E+03
00853 -1.0917032E+03 -1.7066189E+03
00854 -1.0924701E+03 -1.7080899E+03
00855 -1.0934670E+03 -1.7093169E+03
00856 -1.0943384E+03 -1.7107530E+03
00857 -1.0951750E+03 -1.7121962E+03
00858 -1.0959698E+03 -1.7135277E+03
00859 -1.0967297E+03 -1.7150685E+03
00860 -1.0974478E+03 -1.7161281E+03
00861 -1.0982495E+03 -1.7173482E+03
00862 -1.0989467E+03 -1.7185891E+03
00863 -1.0998321E+03 -1.7199207E+03
00864 -1.1006965E+03 -1.7213847E+03
00865 -1.1014495E+03 -1.7227302E+03
00866 -1.1022094E+03 -1.7242431E+03
00867 -1.1030320E+03 -1.7255956E+03
00868 -1.1037292E+03 -1.7268295E+03
00869 -1.1045309E+03 -1.7280705E+03
00870 -1.1053536E+03 -1.7291859E+03
00871 -1.1061971E+03 -1.7304129E+03
00872 -1.1069989E+03 -1.7317515E+03
00873 -1.1078215E+03 -1.7328879E+03
00874 -1.1086860E+03 -1.7342055E+03
00875 -1.1094947E+03 -1.7354883E+03
00876 -1.1103313E+03 -1.7366246E+03
00877 -1.1110563E+03 -1.7378447E+03
00878 -1.1117117E+03 -1.7390996E+03
00879 -1.1125064E+03 -1.7402080E+03
00880 -1.1133570E+03 -1.7415117E+03
00881 -1.1141587E+03 -1.7428991E+03
00882 -1.1149465E+03 -1.7441679E+03
00883 -1.1157552E+03 -1.7454646E+03
00884 -1.1164872E+03 -1.7465870E+03
00885 -1.1172680E+03 -1.7477443E+03
00886 -1.1180419E+03 -1.7491038E+03
00887 -1.1187809E+03 -1.7502053E+03
00888 -1.1194292E+03 -1.7514462E+03
00889 -1.1201612E+03 -1.7526942E+03
00890 -1.1210118E+03 -1.7539560E+03
00891 -1.1218135E+03 -1.7552179E+03
00892 -1.1226640E+03 -1.7565773E+03
00893 -1.1234100E+03 -1.7577834E+03
00894 -1.1242117E+03 -1.7589198E+03
00895 -1.1249437E+03 -1.7602165E+03
00896 -1.1256827E+03 -1.7613250E+03
00897 -1.1264496E+03 -1.7623847E+03
00898 -1.1272862E+03 -1.7635211E+03
00899 -1.1282343E+03 -1.7646853E+03
00900 -1.1289733E+03 -1.7658775E+03
00901 -1.1297681E+03 -1.7670138E+03
00902 -1.1306186E+03 -1.7683454E+03
00903 -1.1313716E+03 -1.7695724E+03
00904 -1.1321594E+03 -1.7707157E+03
00905 -1.1331005E+03 -1.7720334E+03
00906 -1.1338116E+03 -1.7731837E+03
00907 -1.1346064E+03 -1.7745292E+03
00908 -1.1353314E+03 -1.7757841E+03
00909 -1.1360634E+03 -1.7769344E+03
00910 -1.1368164E+03 -1.7781056E+03
00911 -1.1376181E+03 -1.7793814E+03
00912 -1.1383013E+03 -1.7806224E+03
00913 -1.1390403E+03 -1.7818285E+03
00914 -1.1398281E+03 -1.7831600E+03
00915 -1.1404695E+03 -1.7845474E+03
00916 -1.1412782E+03 -1.7858162E+03
00917 -1.1419963E+03 -1.7869944E+03
00918 -1.1427004E+03 -1.7881656E+03
00919 -1.1434464E+03 -1.7891835E+03
00920 -1.1440529E+03 -1.7904593E+03
00921 -1.1447082E+03 -1.7916724E+03
00922 -1.1453845E+03 -1.7927530E+03
00923 -1.1460398E+03 -1.7938614E+03
00924 -1.1467439E+03 -1.7951094E+03
00925 -1.1475736E+03 -1.7962109E+03
00926 -1.1484520E+03 -1.7974239E+03
00927 -1.1491770E+03 -1.7985533E+03
00928 -1.1498811E+03 -1.7996270E+03
00929 -1.1507456E+03 -1.8007075E+03
00930 -1.1515125E+03 -1.8018648E+03
00931 -1.1521609E+03 -1.8030918E+03
00932 -1.1528999E+03 -1.8041864E+03
00933 -1.1536040E+03 -1.8051903E+03
00934 -1.1542872E+03 -1.8063964E+03
00935 -1.1550680E+03 -1.8075815E+03
00936 -1.1557861E+03 -1.8088085E+03
00937 -1.1563926E+03 -1.8099658E+03
00938 -1.1570619E+03 -1.8110185E+03
00939 -1.1576893E+03 -1.8122107E+03
00940 -1.1582680E+03 -1.8132843E+03
00941 -1.1588606E+03 -1.8146089E+03
00942 -1.1596205E+03 -1.8158429E+03
00943 -1.1602688E+03 -1.8170490E+03
00944 -1.1611472E+03 -1.8179832E+03
00945 -1.1617817E+03 -1.8189243E+03
00946 -1.1624997E+03 -1.8201583E+03
00947 -1.1634200E+03 -1.8213295E+03
00948 -1.1642217E+03 -1.8224798E+03
00949 -1.1652117E+03 -1.8235744E+03
00950 -1.1661041E+03 -1.8247805E+03
00951 -1.1668849E+03 -1.8258680E+03
00952 -1.1675472E+03 -1.8271717E+03
00953 -1.1682164E+03 -1.8283011E+03
00954 -1.1688090E+03 -1.8293538E+03
00955 -1.1695759E+03 -1.8304484E+03
00956 -1.1703149E+03 -1.8315359E+03
00957 -1.1709911E+03 -1.8324911E+03
00958 -1.1717720E+03 -1.8334531E+03
00959 -1.1725876E+03 -1.8345825E+03
00960 -1.1732011E+03 -1.8358095E+03
00961 -1.1738704E+03 -1.8370226E+03
00962 -1.1745955E+03 -1.8382496E+03
00963 -1.1753135E+03 -1.8394139E+03
00964 -1.1759270E+03 -1.8406130E+03
00965 -1.1765475E+03 -1.8416308E+03
00966 -1.1773004E+03 -1.8427463E+03
00967 -1.1779349E+03 -1.8439245E+03
00968 -1.1787296E+03 -1.8449632E+03
00969 -1.1794477E+03 -1.8461414E+03
00970 -1.1801797E+03 -1.8473127E+03
00971 -1.1810024E+03 -1.8485327E+03
00972 -1.1816995E+03 -1.8495018E+03
00973 -1.1824385E+03 -1.8504429E+03
00974 -1.1831984E+03 -1.8514956E+03
00975 -1.1839374E+03 -1.8526320E+03
00976 -1.1846067E+03 -1.8534616E+03
00977 -1.1854293E+03 -1.8544655E+03
00978 -1.1861474E+03 -1.8556856E+03
00979 -1.1866772E+03 -1.8566895E+03
00980 -1.1873395E+03 -1.8580071E+03
00981 -1.1879251E+03 -1.8591365E+03
00982 -1.1887129E+03 -1.8602380E+03
00983 -1.1894728E+03 -1.8613465E+03
00984 -1.1901770E+03 -1.8624131E+03
00985 -1.1908044E+03 -1.8635286E+03
00986 -1.1915643E+03 -1.8645116E+03
00987 -1.1923312E+03 -1.8655922E+03
00988 -1.1929586E+03 -1.8665264E+03
00989 -1.1936279E+03 -1.8677255E+03
00990 -1.1941159E+03 -1.8687155E+03
00991 -1.1948340E+03 -1.8698588E+03
00992 -1.1955102E+03 -1.8710649E+03
00993 -1.1961656E+03 -1.8719363E+03
00994 -1.1967860E+03 -1.8731145E+03
00995 -1.1975041E+03 -1.8742927E+03
00996 -1.1982501E+03 -1.8752618E+03
00997 -1.1989751E+03 -1.8764261E+03
00998 -1.1996374E+03 -1.8775485E+03
00999 -1.2001742E+03 -1.8787337E+03
01000 -1.2008505E+03 -1.8800373E+03
01001 -1.2014640E+03 -1.8811877E+03
01002 -1.2021751E+03 -1.8823380E+03
01003 -1.2028513E+03 -1.8832722E+03
01004 -1.2035903E+03 -1.8842064E+03
01005 -1.2043781E+03 -1.8853567E+03
01006 -1.2049498E+03 -1.8865279E+03
01007 -1.2056469E+03 -1.8876364E+03
01008 -1.2064626E+03 -1.8889749E+03
01009 -1.2072644E+03 -1.8901183E+03
01010 -1.2080312E+03 -1.8911501E+03
01011 -1.2086099E+03 -1.8920285E+03
01012 -1.2092652E+03 -1.8929906E+03
01013 -1.2098857E+03 -1.8940154E+03
01014 -1.2106107E+03 -1.8949217E+03
01015 -1.2112870E+03 -1.8958908E+03
01016 -1.2118098E+03 -1.8969016E+03
01017 -1.2124931E+03 -1.8979404E+03
01018 -1.2129741E+03 -1.8989722E+03
01019 -1.2136782E+03 -1.8999761E+03
01020 -1.2145288E+03 -1.9010916E+03
01021 -1.2151283E+03 -1.9020885E+03
01022 -1.2157488E+03 -1.9030645E+03
01023 -1.2165226E+03 -1.9041382E+03
01024 -1.2172616E+03 -1.9052466E+03
01025 -1.2178821E+03 -1.9061529E+03
01026 -1.2186420E+03 -1.9071499E+03
01027 -1.2192276E+03 -1.9082444E+03
01028 -1.2199596E+03 -1.9092692E+03
01029 -1.2206359E+03 -1.9103708E+03
01030 -1.2213191E+03 -1.9113119E+03
01031 -1.2220720E+03 -1.9123716E+03
01032 -1.2226088E+03 -1.9133685E+03
01033 -1.2232990E+03 -1.9145677E+03
01034 -1.2238428E+03 -1.9157668E+03
01035 -1.2245539E+03 -1.9169519E+03
01036 -1.2252441E+03 -1.9179349E+03
01037 -1.2259692E+03 -1.9191410E+03
01038 -1.2265408E+03 -1.9201519E+03
01039 -1.2273286E+03 -1.9214138E+03
01040 -1.2279491E+03 -1.9223689E+03
01041 -1.2287020E+03 -1.9233031E+03
01042 -1.2294968E+03 -1.9241745E+03
01043 -1.2301173E+03 -1.9254573E+03
01044 -1.2308005E+03 -1.9266285E+03
01045 -1.2314558E+03 -1.9275000E+03
01046 -1.2321320E+03 -1.9285109E+03
01047 -1.2328571E+03 -1.9294450E+03
01048 -1.2335403E+03 -1.9304350E+03
01049 -1.2342723E+03 -1.9313901E+03
01050 -1.2349277E+03 -1.9322546E+03
01051 -1.2354714E+03 -1.9332027E+03
01052 -1.2362244E+03 -1.9343391E+03
01053 -1.2368518E+03 -1.9353639E+03
01054 -1.2375141E+03 -1.9363609E+03
01055 -1.2382810E+03 -1.9372114E+03
01056 -1.2389084E+03 -1.9381665E+03
01057 -1.2395847E+03 -1.9393168E+03
01058 -1.2403516E+03 -1.9402510E+03
01059 -1.2409232E+03 -1.9414501E+03
01060 -1.2416483E+03 -1.9425656E+03
01061 -1.2422966E+03 -1.9434231E+03
01062 -1.2429241E+03 -1.9444758E+03
01063 -1.2435445E+03 -1.9455773E+03
01064 -1.2441859E+03 -1.9464906E+03
01065 -1.2447785E+03 -1.9474527E+03
01066 -1.2454060E+03 -1.9485612E+03
01067 -1.2461659E+03 -1.9497254E+03
01068 -1.2468839E+03 -1.9507990E+03
01069 -1.2475602E+03 -1.9517681E+03
01070 -1.2481946E+03 -1.9528417E+03
01071 -1.2488918E+03 -1.9537689E+03
01072 -1.2493867E+03 -1.9546962E+03
01073 -1.2500978E+03 -1.9554909E+03
01074 -1.2506974E+03 -1.9562927E+03
01075 -1.2513527E+03 -1.9572687E+03
01076 -1.2519802E+03 -1.9583632E+03
01077 -1.2526634E+03 -1.9592486E+03
01078 -1.2532769E+03 -1.9602874E+03
01079 -1.2539810E+03 -1.9614168E+03
01080 -1.2546991E+03 -1.9623719E+03
01081 -1.2554172E+03 -1.9633061E+03
01082 -1.2560167E+03 -1.9644634E+03
01083 -1.2567209E+03 -1.9654185E+03
01084 -1.2572716E+03 -1.9663596E+03
01085 -1.2579060E+03 -1.9673357E+03
01086 -1.2585265E+03 -1.9682908E+03
01087 -1.2593282E+03 -1.9692877E+03
01088 -1.2598929E+03 -1.9702847E+03
01089 -1.2606738E+03 -1.9712816E+03
01090 -1.2612663E+03 -1.9722228E+03
01091 -1.2620193E+03 -1.9732267E+03
01092 -1.2627234E+03 -1.9742097E+03
01093 -1.2632742E+03 -1.9750393E+03
01094 -1.2639644E+03 -1.9761338E+03
01095 -1.2645081E+03 -1.9770192E+03
01096 -1.2651007E+03 -1.9778210E+03
01097 -1.2657770E+03 -1.9787203E+03
01098 -1.2663905E+03 -1.9795917E+03
01099 -1.2669900E+03 -1.9805538E+03
01100 -1.2677430E+03 -1.9814113E+03
01101 -1.2684262E+03 -1.9823734E+03
01102 -1.2690885E+03 -1.9834540E+03
01103 -1.2696671E+03 -1.9842976E+03
01104 -1.2702946E+03 -1.9850505E+03
01105 -1.2709011E+03 -1.9859150E+03
01106 -1.2714588E+03 -1.9869677E+03
01107 -1.2720584E+03 -1.9880065E+03
01108 -1.2726370E+03 -1.9889128E+03
01109 -1.2732645E+03 -1.9899446E+03
01110 -1.2737734E+03 -1.9909345E+03
01111 -1.2743729E+03 -1.9916247E+03
01112 -1.2749655E+03 -1.9923079E+03
01113 -1.2755651E+03 -1.9931585E+03
01114 -1.2762274E+03 -1.9941066E+03
01115 -1.2767851E+03 -1.9950547E+03
01116 -1.2773568E+03 -1.9959680E+03
01117 -1.2780749E+03 -1.9968325E+03
01118 -1.2786884E+03 -1.9978992E+03
01119 -1.2791764E+03 -1.9988055E+03
01120 -1.2798666E+03 -1.9998233E+03
01121 -1.2806056E+03 -2.0008412E+03
01122 -1.2810308E+03 -2.0017056E+03
01123 -1.2816722E+03 -2.0026050E+03
01124 -1.2823206E+03 -2.0036368E+03
01125 -1.2829271E+03 -2.0047243E+03
01126 -1.2836243E+03 -2.0058049E+03
01127 -1.2842587E+03 -2.0067182E+03
01128 -1.2846839E+03 -2.0075688E+03
01129 -1.2853184E+03 -2.0086354E+03
01130 -1.2857994E+03 -2.0095138E+03
01131 -1.2864547E+03 -2.0104271E+03
01132 -1.2871449E+03 -2.0113752E+03
01133 -1.2878630E+03 -2.0123025E+03
01134 -1.2885880E+03 -2.0132715E+03
01135 -1.2891736E+03 -2.0142754E+03
01136 -1.2897732E+03 -2.0151399E+03
01137 -1.2904076E+03 -2.0161090E+03
01138 -1.2908887E+03 -2.0169246E+03
01139 -1.2913836E+03 -2.0179564E+03
01140 -1.2919483E+03 -2.0187024E+03
01141 -1.2925200E+03 -2.0197969E+03
01142 -1.2931335E+03 -2.0205708E+03
01143 -1.2936703E+03 -2.0215538E+03
01144 -1.2944999E+03 -2.0225437E+03
01145 -1.2951483E+03 -2.0233106E+03
01146 -1.2957897E+03 -2.0241681E+03
01147 -1.2963892E+03 -2.0250256E+03
01148 -1.2970097E+03 -2.0259180E+03
01149 -1.2976162E+03 -2.0268034E+03
01150 -1.2982228E+03 -2.0276539E+03
01151 -1.2987317E+03 -2.0283650E+03
01152 -1.2992197E+03 -2.0291528E+03
01153 -1.2997077E+03 -2.0301288E+03
01154 -1.3003561E+03 -2.0308887E+03
01155 -1.3011160E+03 -2.0317253E+03
01156 -1.3017504E+03 -2.0324574E+03
01157 -1.3022802E+03 -2.0333149E+03
01158 -1.3028589E+03 -2.0342003E+03
01159 -1.3035351E+03 -2.0352111E+03
01160 -1.3042183E+03 -2.0359432E+03
01161 -1.3048040E+03 -2.0368146E+03
01162 -1.3053756E+03 -2.0375815E+03
01163 -1.3059473E+03 -2.0383832E+03
01164 -1.3064702E+03 -2.0392686E+03
01165 -1.3069721E+03 -2.0401540E+03
01166 -1.3076344E+03 -2.0412137E+03
01167 -1.3081712E+03 -2.0418899E+03
01168 -1.3088475E+03 -2.0428938E+03
01169 -1.3094889E+03 -2.0439744E+03
01170 -1.3100815E+03 -2.0446507E+03
01171 -1.3105764E+03 -2.0455082E+03
01172 -1.3111202E+03 -2.0464703E+03
01173 -1.3116919E+03 -2.0473347E+03
01174 -1.3122984E+03 -2.0482759E+03
01175 -1.3128562E+03 -2.0490637E+03
01176 -1.3133860E+03 -2.0500746E+03
01177 -1.3139577E+03 -2.0507020E+03
01178 -1.3145712E+03 -2.0517408E+03
01179 -1.3151428E+03 -2.0525983E+03
01180 -1.3157633E+03 -2.0535604E+03
01181 -1.3163838E+03 -2.0543830E+03
01182 -1.3169345E+03 -2.0553451E+03
01183 -1.3176666E+03 -2.0561190E+03
01184 -1.3182522E+03 -2.0569695E+03
01185 -1.3188657E+03 -2.0581407E+03
01186 -1.3195489E+03 -2.0590889E+03
01187 -1.3201624E+03 -2.0597512E+03
01188 -1.3208038E+03 -2.0606853E+03
01189 -1.3213197E+03 -2.0615777E+03
01190 -1.3219541E+03 -2.0625119E+03
01191 -1.3225815E+03 -2.0633973E+03
01192 -1.3232159E+03 -2.0641642E+03
01193 -1.3236830E+03 -2.0650705E+03
01194 -1.3243035E+03 -2.0659628E+03
01195 -1.3248055E+03 -2.0668343E+03
01196 -1.3255723E+03 -2.0675942E+03
01197 -1.3261370E+03 -2.0681310E+03
01198 -1.3267087E+03 -2.0690303E+03
01199 -1.3272386E+03 -2.0698809E+03
01200 -1.3276638E+03 -2.0705780E+03
01201 -1.3282704E+03 -2.0716238E+03
01202 -1.3290093E+03 -2.0723209E+03
01203 -1.3294555E+03 -2.0731924E+03
01204 -1.3300690E+03 -2.0741126E+03
01205 -1.3306686E+03 -2.0748447E+03
01206 -1.3311566E+03 -2.0756534E+03
01207 -1.3317562E+03 -2.0765876E+03
01208 -1.3323627E+03 -2.0771941E+03
01209 -1.3327879E+03 -2.0779958E+03
01210 -1.3332829E+03 -2.0788812E+03
01211 -1.3339034E+03 -2.0797945E+03
01212 -1.3346703E+03 -2.0806590E+03
01213 -1.3352210E+03 -2.0813282E+03
01214 -1.3356742E+03 -2.0820951E+03
01215 -1.3362598E+03 -2.0825622E+03
01216 -1.3368036E+03 -2.0833291E+03
01217 -1.3374031E+03 -2.0841239E+03
01218 -1.3379260E+03 -2.0845700E+03
01219 -1.3384349E+03 -2.0854694E+03
01220 -1.3389787E+03 -2.0864803E+03
01221 -1.3395713E+03 -2.0872680E+03
01222 -1.3402266E+03 -2.0880279E+03
01223 -1.3407007E+03 -2.0889412E+03
01224 -1.3411887E+03 -2.0894920E+03
01225 -1.3416907E+03 -2.0902379E+03
01226 -1.3423111E+03 -2.0912209E+03
01227 -1.3428131E+03 -2.0920506E+03
01228 -1.3433778E+03 -2.0929429E+03
01229 -1.3440262E+03 -2.0939677E+03
01230 -1.3446187E+03 -2.0947765E+03
01231 -1.3450510E+03 -2.0955852E+03
01232 -1.3456087E+03 -2.0965194E+03
01233 -1.3461525E+03 -2.0972305E+03
01234 -1.3467451E+03 -2.0979973E+03
01235 -1.3473028E+03 -2.0987433E+03
01236 -1.3477490E+03 -2.0995869E+03
01237 -1.3482579E+03 -2.1006396E+03
01238 -1.3486832E+03 -2.1016086E+03
01239 -1.3491991E+03 -2.1023755E+03
01240 -1.3497638E+03 -2.1030796E+03
01241 -1.3503355E+03 -2.1038883E+03
01242 -1.3508374E+03 -2.1048365E+03
01243 -1.3511999E+03 -2.1055755E+03
01244 -1.3518413E+03 -2.1064469E+03
01245 -1.3525385E+03 -2.1071301E+03
01246 -1.3530126E+03 -2.1078691E+03
01247 -1.3534378E+03 -2.1085872E+03
01248 -1.3538770E+03 -2.1093541E+03
01249 -1.3543929E+03 -2.1100791E+03
01250 -1.3550413E+03 -2.1109715E+03
01251 -1.3555781E+03 -2.1117383E+03
01252 -1.3560313E+03 -2.1125331E+03
01253 -1.3565820E+03 -2.1132163E+03
01254 -1.3571118E+03 -2.1139414E+03
01255 -1.3576347E+03 -2.1147431E+03
01256 -1.3580739E+03 -2.1155797E+03
01257 -1.3585480E+03 -2.1162629E+03
01258 -1.3591127E+03 -2.1170368E+03
01259 -1.3597820E+03 -2.1178245E+03
01260 -1.3602839E+03 -2.1186054E+03
01261 -1.3608207E+03 -2.1193792E+03
01262 -1.3614412E+03 -2.1203064E+03
01263 -1.3620059E+03 -2.1211779E+03
01264 -1.3625148E+03 -2.1219238E+03
01265 -1.3630098E+03 -2.1226489E+03
01266 -1.3635466E+03 -2.1235134E+03
01267 -1.3641392E+03 -2.1241199E+03
01268 -1.3646900E+03 -2.1247543E+03
01269 -1.3652477E+03 -2.1255491E+03
01270 -1.3657845E+03 -2.1264484E+03
01271 -1.3663910E+03 -2.1271456E+03
01272 -1.3669279E+03 -2.1281286E+03
01273 -1.3674438E+03 -2.1289861E+03
01274 -1.3678969E+03 -2.1298157E+03
01275 -1.3685453E+03 -2.1305407E+03
01276 -1.3691588E+03 -2.1312728E+03
01277 -1.3697374E+03 -2.1319629E+03
01278 -1.3702533E+03 -2.1326740E+03
01279 -1.3707901E+03 -2.1332876E+03
01280 -1.3712433E+03 -2.1340126E+03
01281 -1.3718847E+03 -2.1347795E+03
01282 -1.3723448E+03 -2.1354557E+03
01283 -1.3729583E+03 -2.1362853E+03
01284 -1.3734393E+03 -2.1371916E+03
01285 -1.3739134E+03 -2.1380073E+03
01286 -1.3743596E+03 -2.1388091E+03
01287 -1.3748267E+03 -2.1395202E+03
01288 -1.3752868E+03 -2.1402382E+03
01289 -1.3758654E+03 -2.1409424E+03
01290 -1.3765138E+03 -2.1415210E+03
01291 -1.3769670E+03 -2.1421763E+03
01292 -1.3775735E+03 -2.1430478E+03
01293 -1.3781870E+03 -2.1439262E+03
01294 -1.3787099E+03 -2.1446861E+03
01295 -1.3792467E+03 -2.1457458E+03
01296 -1.3798183E+03 -2.1465754E+03
01297 -1.3803203E+03 -2.1474399E+03
01298 -1.3808780E+03 -2.1481789E+03
01299 -1.3814148E+03 -2.1489876E+03
01300 -1.3819935E+03 -2.1498102E+03
01301 -1.3825721E+03 -2.1506677E+03
01302 -1.3830810E+03 -2.1512812E+03
01303 -1.3835900E+03 -2.1519784E+03
01304 -1.3841268E+03 -2.1526407E+03
01305 -1.3846775E+03 -2.1534076E+03
01306 -1.3852841E+03 -2.1542581E+03
01307 -1.3857093E+03 -2.1549971E+03
01308 -1.3861695E+03 -2.1558825E+03
01309 -1.3868178E+03 -2.1565518E+03
01310 -1.3872989E+03 -2.1571932E+03
01311 -1.3878426E+03 -2.1579531E+03
01312 -1.3885119E+03 -2.1587130E+03
01313 -1.3891184E+03 -2.1593404E+03
01314 -1.3897041E+03 -2.1600515E+03
01315 -1.3901642E+03 -2.1606580E+03
01316 -1.3906313E+03 -2.1611600E+03
01317 -1.3911542E+03 -2.1619060E+03
01318 -1.3916979E+03 -2.1624358E+03
01319 -1.3922417E+03 -2.1631539E+03
01320 -1.3927228E+03 -2.1638859E+03
01321 -1.3933014E+03 -2.1648480E+03
01322 -1.3937546E+03 -2.1654963E+03
01323 -1.3942077E+03 -2.1663399E+03
01324 -1.3947027E+03 -2.1669604E+03
01325 -1.3952325E+03 -2.1676854E+03
01326 -1.3957484E+03 -2.1685011E+03
01327 -1.3964177E+03 -2.1692680E+03
01328 -1.3967872E+03 -2.1696375E+03
01329 -1.3973101E+03 -2.1703486E+03
01330 -1.3978748E+03 -2.1711154E+03
01331 -1.3983419E+03 -2.1720775E+03
01332 -1.3987671E+03 -2.1727259E+03
01333 -1.3991924E+03 -2.1733324E+03
01334 -1.3997083E+03 -2.1739041E+03
01335 -1.4001615E+03 -2.1745315E+03
01336 -1.4005867E+03 -2.1752705E+03
01337 -1.4011026E+03 -2.1761280E+03
01338 -1.4017161E+03 -2.1769297E+03
01339 -1.4021902E+03 -2.1776827E+03
01340 -1.4027549E+03 -2.1783101E+03
01341 -1.4032778E+03 -2.1789445E+03
01342 -1.4037727E+03 -2.1797463E+03
01343 -1.4043165E+03 -2.1803458E+03
01344 -1.4049788E+03 -2.1811197E+03
01345 -1.4055714E+03 -2.1819772E+03
01346 -1.4060943E+03 -2.1824931E+03
01347 -1.4065823E+03 -2.1832251E+03
01348 -1.4071749E+03 -2.1841105E+03
01349 -1.4078093E+03 -2.1847449E+03
01350 -1.4083879E+03 -2.1854281E+03
01351 -1.4090084E+03 -2.1860277E+03
01352 -1.4093500E+03 -2.1868224E+03
01353 -1.4099008E+03 -2.1876590E+03
01354 -1.4105003E+03 -2.1883562E+03
01355 -1.4110302E+03 -2.1888442E+03
01356 -1.4116716E+03 -2.1894438E+03
01357 -1.4122781E+03 -2.1901897E+03
01358 -1.4128288E+03 -2.1908172E+03
01359 -1.4132193E+03 -2.1915910E+03
01360 -1.4136236E+03 -2.1922882E+03
01361 -1.4142092E+03 -2.1930132E+03
01362 -1.4146554E+03 -2.1938289E+03
01363 -1.4152480E+03 -2.1945191E+03
01364 -1.4160288E+03 -2.1953348E+03
01365 -1.4165377E+03 -2.1960319E+03
01366 -1.4171164E+03 -2.1967918E+03
01367 -1.4175138E+03 -2.1973565E+03
01368 -1.4178414E+03 -2.1979630E+03
01369 -1.4183364E+03 -2.1986254E+03
01370 -1.4187408E+03 -2.1993922E+03
01371 -1.4191521E+03 -2.2000406E+03
01372 -1.4196610E+03 -2.2008075E+03
01373 -1.4201002E+03 -2.2014419E+03
01374 -1.4206440E+03 -2.2022854E+03
01375 -1.4212645E+03 -2.2029477E+03
01376 -1.4217107E+03 -2.2037843E+03
01377 -1.4220523E+03 -2.2042235E+03
01378 -1.4227355E+03 -2.2049834E+03
01379 -1.4232584E+03 -2.2056318E+03
01380 -1.4237952E+03 -2.2063290E+03
01381 -1.4242553E+03 -2.2068867E+03
01382 -1.4246039E+03 -2.2076536E+03
01383 -1.4249803E+03 -2.2084692E+03
01384 -1.4255799E+03 -2.2093337E+03
01385 -1.4259842E+03 -2.2099193E+03
01386 -1.4264025E+03 -2.2107420E+03
01387 -1.4268487E+03 -2.2115298E+03
01388 -1.4273925E+03 -2.2121990E+03
01389 -1.4279712E+03 -2.2129171E+03
01390 -1.4286195E+03 -2.2134888E+03
01391 -1.4291006E+03 -2.2140605E+03
01392 -1.4295258E+03 -2.2146042E+03
01393 -1.4301254E+03 -2.2152038E+03
01394 -1.4306622E+03 -2.2158452E+03
01395 -1.4310805E+03 -2.2164726E+03
01396 -1.4315894E+03 -2.2173092E+03
01397 -1.4320635E+03 -2.2178251E+03
01398 -1.4323633E+03 -2.2184038E+03
01399 -1.4327537E+03 -2.2189406E+03
01400 -1.4332347E+03 -2.2196168E+03
01401 -1.4337785E+03 -2.2203210E+03
01402 -1.4342456E+03 -2.2208926E+03
01403 -1.4346848E+03 -2.2214573E+03
01404 -1.4351728E+03 -2.2223079E+03
01405 -1.4355981E+03 -2.2229353E+03
01406 -1.4359536E+03 -2.2236185E+03
01407 -1.4364695E+03 -2.2244969E+03
01408 -1.4369645E+03 -2.2250756E+03
01409 -1.4373549E+03 -2.2258425E+03
01410 -1.4378360E+03 -2.2263235E+03
01411 -1.4383937E+03 -2.2267767E+03
01412 -1.4389375E+03 -2.2272786E+03
01413 -1.4393976E+03 -2.2279061E+03
01414 -1.4398926E+03 -2.2286450E+03
01415 -1.4403179E+03 -2.2293910E+03
01416 -1.4407501E+03 -2.2300324E+03
01417 -1.4412032E+03 -2.2310224E+03
01418 -1.4416634E+03 -2.2316568E+03
01419 -1.4421584E+03 -2.2322354E+03
01420 -1.4426254E+03 -2.2326049E+03
01421 -1.4431204E+03 -2.2333300E+03
01422 -1.4436015E+03 -2.2336925E+03
01423 -1.4440267E+03 -2.2342293E+03
01424 -1.4445775E+03 -2.2349822E+03
01425 -1.4449052E+03 -2.2355888E+03
01426 -1.4453583E+03 -2.2361535E+03
01427 -1.4457766E+03 -2.2367670E+03
01428 -1.4462507E+03 -2.2374432E+03
01429 -1.4466481E+03 -2.2378964E+03
01430 -1.4471361E+03 -2.2383634E+03
01431 -1.4476520E+03 -2.2389700E+03
01432 -1.4482236E+03 -2.2394510E+03
01433 -1.4487465E+03 -2.2402737E+03
01434 -1.4491509E+03 -2.2410545E+03
01435 -1.4497574E+03 -2.2417516E+03
01436 -1.4501896E+03 -2.2423651E+03
01437 -1.4506358E+03 -2.2428950E+03
01438 -1.4511447E+03 -2.2435015E+03
01439 -1.4517234E+03 -2.2441778E+03
01440 -1.4521696E+03 -2.2445612E+03
01441 -1.4526645E+03 -2.2450980E+03
01442 -1.4529574E+03 -2.2455442E+03
01443 -1.4535151E+03 -2.2461786E+03
01444 -1.4540101E+03 -2.2468339E+03
01445 -1.4544702E+03 -2.2474056E+03
01446 -1.4548885E+03 -2.2482352E+03
01447 -1.4552510E+03 -2.2487999E+03
01448 -1.4556902E+03 -2.2491415E+03
01449 -1.4561503E+03 -2.2497969E+03
01450 -1.4566035E+03 -2.2505707E+03
01451 -1.4570706E+03 -2.2511912E+03
01452 -1.4576562E+03 -2.2517768E+03
01453 -1.4582488E+03 -2.2524391E+03
01454 -1.4587647E+03 -2.2531502E+03
01455 -1.4591133E+03 -2.2537567E+03
01456 -1.4595455E+03 -2.2544400E+03
01457 -1.4600126E+03 -2.2549280E+03
01458 -1.4604448E+03 -2.2555275E+03
01459 -1.4608841E+03 -2.2562456E+03
01460 -1.4611838E+03 -2.2565663E+03
01461 -1.4616370E+03 -2.2571101E+03
01462 -1.4620971E+03 -2.2576957E+03
01463 -1.4626548E+03 -2.2582186E+03
01464 -1.4631359E+03 -2.2588321E+03
01465 -1.4635681E+03 -2.2595501E+03
01466 -1.4639725E+03 -2.2602333E+03
01467 -1.4645372E+03 -2.2607632E+03
01468 -1.4648997E+03 -2.2614952E+03
01469 -1.4653250E+03 -2.2621366E+03
01470 -1.4657990E+03 -2.2628965E+03
01471 -1.4664404E+03 -2.2634821E+03
01472 -1.4669145E+03 -2.2640608E+03
01473 -1.4673676E+03 -2.2645767E+03
01474 -1.4678069E+03 -2.2650786E+03
01475 -1.4682670E+03 -2.2656782E+03
01476 -1.4687132E+03 -2.2662150E+03
01477 -1.4692012E+03 -2.2669400E+03
01478 -1.4695846E+03 -2.2675326E+03
01479 -1.4698914E+03 -2.2680624E+03
01480 -1.4702957E+03 -2.2685714E+03
01481 -1.4707837E+03 -2.2693383E+03
01482 -1.4710626E+03 -2.2698820E+03
01483 -1.4714739E+03 -2.2705165E+03
01484 -1.4721153E+03 -2.2711578E+03
01485 -1.4725894E+03 -2.2718062E+03
01486 -1.4731541E+03 -2.2724615E+03
01487 -1.4735654E+03 -2.2730820E+03
01488 -1.4740185E+03 -2.2736258E+03
01489 -1.4745763E+03 -2.2742044E+03
01490 -1.4751619E+03 -2.2748319E+03
01491 -1.4755802E+03 -2.2752432E+03
01492 -1.4761519E+03 -2.2758428E+03
01493 -1.4767166E+03 -2.2765190E+03
01494 -1.4771976E+03 -2.2770000E+03
01495 -1.4777135E+03 -2.2773904E+03
01496 -1.4782642E+03 -2.2778575E+03
01497 -1.4787244E+03 -2.2784989E+03
01498 -1.4791496E+03 -2.2792100E+03
01499 -1.4797004E+03 -2.2797956E+03
01500 -1.4801187E+03 -2.2803185E+03
01501 -1.4805997E+03 -2.2808832E+03
01502 -1.4810599E+03 -2.2813991E+03
01503 -1.4814015E+03 -2.2820963E+03
01504 -1.4818825E+03 -2.2827377E+03
01505 -1.4822869E+03 -2.2834209E+03
01506 -1.4826912E+03 -2.2839995E+03
01507 -1.4831235E+03 -2.2843690E+03
01508 -1.4835417E+03 -2.2849616E+03
01509 -1.4839879E+03 -2.2855821E+03
01510 -1.4845108E+03 -2.2860910E+03
01511 -1.4850197E+03 -2.2868091E+03
01512 -1.4854938E+03 -2.2873947E+03
01513 -1.4859539E+03 -2.2880361E+03
01514 -1.4862746E+03 -2.2883498E+03
01515 -1.4867975E+03 -2.2888796E+03
01516 -1.4871879E+03 -2.2892282E+03
01517 -1.4876689E+03 -2.2898835E+03
01518 -1.4881709E+03 -2.2903994E+03
01519 -1.4885125E+03 -2.2911245E+03
01520 -1.4890423E+03 -2.2918147E+03
01521 -1.4893700E+03 -2.2924421E+03
01522 -1.4897953E+03 -2.2929720E+03
01523 -1.4902972E+03 -2.2933903E+03
01524 -1.4906807E+03 -2.2939062E+03
01525 -1.4911896E+03 -2.2945824E+03
01526 -1.4916637E+03 -2.2951680E+03
01527 -1.4921238E+03 -2.2958861E+03
01528 -1.4926745E+03 -2.2964438E+03
01529 -1.4930998E+03 -2.2969806E+03
01530 -1.4936506E+03 -2.2976708E+03
01531 -1.4941734E+03 -2.2980821E+03
01532 -1.4946684E+03 -2.2985632E+03
01533 -1.4951843E+03 -2.2991767E+03
01534 -1.4958327E+03 -2.2995810E+03
01535 -1.4962161E+03 -2.3000481E+03
01536 -1.4967738E+03 -2.3008011E+03
01537 -1.4973316E+03 -2.3012612E+03
01538 -1.4978265E+03 -2.3018886E+03
01539 -1.4982727E+03 -2.3023000E+03
01540 -1.4986004E+03 -2.3028019E+03
01541 -1.4990257E+03 -2.3033736E+03
01542 -1.4994718E+03 -2.3041962E+03
01543 -1.4999668E+03 -2.3048794E+03
01544 -1.5003015E+03 -2.3053117E+03
01545 -1.5007895E+03 -2.3058415E+03
01546 -1.5012845E+03 -2.3062110E+03
01547 -1.5017167E+03 -2.3067478E+03
01548 -1.5023023E+03 -2.3074311E+03
01549 -1.5027415E+03 -2.3078005E+03
01550 -1.5030622E+03 -2.3083443E+03
01551 -1.5035851E+03 -2.3089299E+03
01552 -1.5040173E+03 -2.3095225E+03
01553 -1.5043520E+03 -2.3101430E+03
01554 -1.5047563E+03 -2.3107495E+03
01555 -1.5052652E+03 -2.3114118E+03
01556 -1.5056417E+03 -2.3117744E+03
01557 -1.5060879E+03 -2.3124715E+03
01558 -1.5065759E+03 -2.3128759E+03
01559 -1.5071336E+03 -2.3133221E+03
01560 -1.5074125E+03 -2.3139983E+03
01561 -1.5078866E+03 -2.3144236E+03
01562 -1.5083188E+03 -2.3150092E+03
01563 -1.5088138E+03 -2.3154135E+03
01564 -1.5091345E+03 -2.3158388E+03
01565 -1.5095946E+03 -2.3162501E+03
01566 -1.5100478E+03 -2.3167521E+03
01567 -1.5105009E+03 -2.3174004E+03
01568 -1.5109889E+03 -2.3179163E+03
01569 -1.5114072E+03 -2.3185996E+03
01570 -1.5117907E+03 -2.3191852E+03
01571 -1.5121741E+03 -2.3197080E+03
01572 -1.5125087E+03 -2.3201194E+03
01573 -1.5130525E+03 -2.3206004E+03
01574 -1.5135893E+03 -2.3212906E+03
01575 -1.5139170E+03 -2.3217995E+03
01576 -1.5143004E+03 -2.3225246E+03
01577 -1.5146908E+03 -2.3230614E+03
01578 -1.5151510E+03 -2.3237376E+03
01579 -1.5156320E+03 -2.3242605E+03
01580 -1.5160364E+03 -2.3247346E+03
01581 -1.5163849E+03 -2.3252017E+03
01582 -1.5167893E+03 -2.3258152E+03
01583 -1.5172076E+03 -2.3261846E+03
01584 -1.5176398E+03 -2.3264984E+03
01585 -1.5180651E+03 -2.3270143E+03
01586 -1.5184764E+03 -2.3276069E+03
01587 -1.5189017E+03 -2.3280879E+03
01588 -1.5192851E+03 -2.3288966E+03
01589 -1.5196755E+03 -2.3292452E+03
01590 -1.5201217E+03 -2.3297611E+03
01591 -1.5205679E+03 -2.3301863E+03
01592 -1.5208956E+03 -2.3307371E+03
01593 -1.5213557E+03 -2.3311484E+03
01594 -1.5218507E+03 -2.3317480E+03
01595 -1.5222341E+03 -2.3323266E+03
01596 -1.5225827E+03 -2.3327867E+03
01597 -1.5229104E+03 -2.3333166E+03
01598 -1.5234402E+03 -2.3337907E+03
01599 -1.5236912E+03 -2.3343066E+03
01600 -1.5239979E+03 -2.3347249E+03
01601 -1.5244720E+03 -2.3352965E+03
01602 -1.5248973E+03 -2.3355754E+03
01603 -1.5253086E+03 -2.3359309E+03
01604 -1.5256641E+03 -2.3365026E+03
01605 -1.5260336E+03 -2.3370743E+03
01606 -1.5262707E+03 -2.3375623E+03
01607 -1.5267517E+03 -2.3380154E+03
01608 -1.5271630E+03 -2.3383989E+03
01609 -1.5275953E+03 -2.3389078E+03
01610 -1.5280763E+03 -2.3395980E+03
01611 -1.5286061E+03 -2.3402882E+03
01612 -1.5289478E+03 -2.3406437E+03
01613 -1.5293312E+03 -2.3411457E+03
01614 -1.5297286E+03 -2.3415640E+03
01615 -1.5299796E+03 -2.3420729E+03
01616 -1.5303490E+03 -2.3426794E+03
01617 -1.5308301E+03 -2.3431396E+03
01618 -1.5312344E+03 -2.3437252E+03
01619 -1.5316876E+03 -2.3443735E+03
01620 -1.5321338E+03 -2.3447152E+03
01621 -1.5325242E+03 -2.3451404E+03
01622 -1.5329146E+03 -2.3456215E+03
01623 -1.5333468E+03 -2.3461792E+03
01624 -1.5338348E+03 -2.3466393E+03
01625 -1.5341486E+03 -2.3473295E+03
01626 -1.5346296E+03 -2.3479709E+03
01627 -1.5350688E+03 -2.3483822E+03
01628 -1.5354941E+03 -2.3490097E+03
01629 -1.5358496E+03 -2.3494279E+03
01630 -1.5362540E+03 -2.3497417E+03
01631 -1.5367769E+03 -2.3502436E+03
01632 -1.5371394E+03 -2.3506689E+03
01633 -1.5375158E+03 -2.3511081E+03
01634 -1.5380108E+03 -2.3517983E+03
01635 -1.5383455E+03 -2.3522724E+03
01636 -1.5387916E+03 -2.3525303E+03
01637 -1.5390845E+03 -2.3528998E+03
01638 -1.5395794E+03 -2.3534227E+03
01639 -1.5399071E+03 -2.3539107E+03
01640 -1.5403254E+03 -2.3543708E+03
01641 -1.5406949E+03 -2.3547752E+03
01642 -1.5410923E+03 -2.3553817E+03
01643 -1.5416361E+03 -2.3559882E+03
01644 -1.5421729E+03 -2.3564135E+03
01645 -1.5427306E+03 -2.3571385E+03
01646 -1.5431071E+03 -2.3577451E+03
01647 -1.5435254E+03 -2.3582261E+03
01648 -1.5439297E+03 -2.3586374E+03
01649 -1.5443829E+03 -2.3590278E+03
01650 -1.5448430E+03 -2.3595647E+03
01651 -1.5453868E+03 -2.3599969E+03
01652 -1.5458957E+03 -2.3604640E+03
01653 -1.5463628E+03 -2.3609381E+03
01654 -1.5468020E+03 -2.3614679E+03
01655 -1.5471785E+03 -2.3620256E+03
01656 -1.5476944E+03 -2.3624997E+03
01657 -1.5479942E+03 -2.3629250E+03
01658 -1.5484473E+03 -2.3634130E+03
01659 -1.5488029E+03 -2.3638731E+03
01660 -1.5491933E+03 -2.3645633E+03
01661 -1.5495558E+03 -2.3650304E+03
01662 -1.5499601E+03 -2.3656439E+03
01663 -1.5502878E+03 -2.3660622E+03
01664 -1.5507619E+03 -2.3666548E+03
01665 -1.5511732E+03 -2.3671776E+03
01666 -1.5514660E+03 -2.3677423E+03
01667 -1.5519401E+03 -2.3683210E+03
01668 -1.5522956E+03 -2.3686277E+03
01669 -1.5526233E+03 -2.3690321E+03
01670 -1.5530834E+03 -2.3695759E+03
01671 -1.5534599E+03 -2.3698966E+03
01672 -1.5539897E+03 -2.3703149E+03
01673 -1.5543313E+03 -2.3707331E+03
01674 -1.5547845E+03 -2.3712351E+03
01675 -1.5552237E+03 -2.3716743E+03
01676 -1.5555374E+03 -2.3721763E+03
01677 -1.5559139E+03 -2.3724970E+03
01678 -1.5562764E+03 -2.3731802E+03
01679 -1.5567017E+03 -2.3734590E+03
01680 -1.5571200E+03 -2.3741841E+03
01681 -1.5575243E+03 -2.3747558E+03
01682 -1.5579845E+03 -2.3752856E+03
01683 -1.5583470E+03 -2.3756969E+03
01684 -1.5587583E+03 -2.3762337E+03
01685 -1.5590581E+03 -2.3767008E+03
01686 -1.5595321E+03 -2.3771888E+03
01687 -1.5598528E+03 -2.3776978E+03
01688 -1.5602781E+03 -2.3778790E+03
01689 -1.5606685E+03 -2.3783392E+03
01690 -1.5611008E+03 -2.3788411E+03
01691 -1.5614354E+03 -2.3791758E+03
01692 -1.5619234E+03 -2.3796638E+03
01693 -1.5622441E+03 -2.3800402E+03
01694 -1.5626763E+03 -2.3804585E+03
01695 -1.5630877E+03 -2.3810163E+03
01696 -1.5633735E+03 -2.3814415E+03
01697 -1.5636733E+03 -2.3819226E+03
01698 -1.5640637E+03 -2.3824733E+03
01699 -1.5645099E+03 -2.3829753E+03
01700 -1.5649212E+03 -2.3832750E+03
01701 -1.5652489E+03 -2.3839862E+03
01702 -1.5656323E+03 -2.3846275E+03
01703 -1.5659809E+03 -2.3849970E+03
01704 -1.5664968E+03 -2.3854432E+03
01705 -1.5668593E+03 -2.3857221E+03
01706 -1.5672567E+03 -2.3860497E+03
01707 -1.5677377E+03 -2.3865866E+03
01708 -1.5680933E+03 -2.3869003E+03
01709 -1.5684767E+03 -2.3875138E+03
01710 -1.5688323E+03 -2.3880576E+03
01711 -1.5691460E+03 -2.3884061E+03
01712 -1.5696131E+03 -2.3886292E+03
01713 -1.5699547E+03 -2.3890127E+03
01714 -1.5703172E+03 -2.3894240E+03
01715 -1.5706867E+03 -2.3900236E+03
01716 -1.5710213E+03 -2.3906859E+03
01717 -1.5715233E+03 -2.3910344E+03
01718 -1.5718858E+03 -2.3915364E+03
01719 -1.5721647E+03 -2.3920523E+03
01720 -1.5725830E+03 -2.3924497E+03
01721 -1.5729804E+03 -2.3931608E+03
01722 -1.5734753E+03 -2.3936627E+03
01723 -1.5738588E+03 -2.3939974E+03
01724 -1.5743816E+03 -2.3944645E+03
01725 -1.5748627E+03 -2.3948688E+03
01726 -1.5751346E+03 -2.3952383E+03
01727 -1.5754483E+03 -2.3957542E+03
01728 -1.5758317E+03 -2.3962631E+03
01729 -1.5762640E+03 -2.3966535E+03
01730 -1.5766056E+03 -2.3971764E+03
01731 -1.5770169E+03 -2.3976993E+03
01732 -1.5773725E+03 -2.3980479E+03
01733 -1.5776653E+03 -2.3986335E+03
01734 -1.5779860E+03 -2.3992121E+03
01735 -1.5784043E+03 -2.3996932E+03
01736 -1.5785995E+03 -2.4000139E+03
01737 -1.5789690E+03 -2.4004252E+03
01738 -1.5792687E+03 -2.4008783E+03
01739 -1.5797358E+03 -2.4014361E+03
01740 -1.5801681E+03 -2.4019380E+03
01741 -1.5805376E+03 -2.4023424E+03
01742 -1.5808722E+03 -2.4029071E+03
01743 -1.5811999E+03 -2.4033881E+03
01744 -1.5815833E+03 -2.4036809E+03
01745 -1.5820295E+03 -2.4040783E+03
01746 -1.5823084E+03 -2.4044826E+03
01747 -1.5825593E+03 -2.4049009E+03
01748 -1.5829428E+03 -2.4053611E+03
01749 -1.5833123E+03 -2.4057515E+03
01750 -1.5836539E+03 -2.4061210E+03
01751 -1.5839327E+03 -2.4064207E+03
01752 -1.5843371E+03 -2.4067275E+03
01753 -1.5847345E+03 -2.4072922E+03
01754 -1.5850273E+03 -2.4077244E+03
01755 -1.5854177E+03 -2.4081776E+03
01756 -1.5859127E+03 -2.4087771E+03
01757 -1.5863519E+03 -2.4092652E+03
01758 -1.5866307E+03 -2.4096695E+03
01759 -1.5870002E+03 -2.4100599E+03
01760 -1.5872442E+03 -2.4103806E+03
01761 -1.5875510E+03 -2.4107989E+03
01762 -1.5879693E+03 -2.4112033E+03
01763 -1.5883388E+03 -2.4114194E+03
01764 -1.5886734E+03 -2.4118935E+03
01765 -1.5890638E+03 -2.4125627E+03
01766 -1.5894612E+03 -2.4130995E+03
01767 -1.5898795E+03 -2.4136433E+03
01768 -1.5902002E+03 -2.4139919E+03
01769 -1.5905348E+03 -2.4142777E+03
01770 -1.5909322E+03 -2.4147518E+03
01771 -1.5912459E+03 -2.4152050E+03
01772 -1.5916433E+03 -2.4156023E+03
01773 -1.5918804E+03 -2.4158463E+03
01774 -1.5922986E+03 -2.4162089E+03
01775 -1.5926472E+03 -2.4166132E+03
01776 -1.5931004E+03 -2.4171640E+03
01777 -1.5933374E+03 -2.4175265E+03
01778 -1.5937069E+03 -2.4179309E+03
01779 -1.5940764E+03 -2.4182864E+03
01780 -1.5943762E+03 -2.4187465E+03
01781 -1.5947039E+03 -2.4192903E+03
01782 -1.5951709E+03 -2.4196668E+03
01783 -1.5955195E+03 -2.4202106E+03
01784 -1.5958123E+03 -2.4204615E+03
01785 -1.5961679E+03 -2.4208101E+03
01786 -1.5966141E+03 -2.4211378E+03
01787 -1.5969836E+03 -2.4215491E+03
01788 -1.5974088E+03 -2.4221835E+03
01789 -1.5977435E+03 -2.4225739E+03
01790 -1.5981060E+03 -2.4228389E+03
01791 -1.5985243E+03 -2.4232502E+03
01792 -1.5988310E+03 -2.4237033E+03
01793 -1.5991448E+03 -2.4240868E+03
01794 -1.5995421E+03 -2.4245748E+03
01795 -1.5999535E+03 -2.4252092E+03
01796 -1.6003090E+03 -2.4256275E+03
01797 -1.6005739E+03 -2.4261085E+03
01798 -1.6009225E+03 -2.4264920E+03
01799 -1.6013408E+03 -2.4268266E+03
01800 -1.6016615E+03 -2.4271473E+03
01801 -1.6019892E+03 -2.4276911E+03
01802 -1.6023168E+03 -2.4281861E+03
01803 -1.6027072E+03 -2.4286741E+03
01804 -1.6030628E+03 -2.4293364E+03
01805 -1.6033486E+03 -2.4298244E+03
01806 -1.6037530E+03 -2.4303612E+03
01807 -1.6040667E+03 -2.4306331E+03
01808 -1.6044501E+03 -2.4310723E+03
01809 -1.6048615E+03 -2.4314558E+03
01810 -1.6052658E+03 -2.4321390E+03
01811 -1.6056283E+03 -2.4326200E+03
01812 -1.6058723E+03 -2.4330034E+03
01813 -1.6062697E+03 -2.4334566E+03
01814 -1.6066601E+03 -2.4336936E+03
01815 -1.6070087E+03 -2.4341119E+03
01816 -1.6073434E+03 -2.4345302E+03
01817 -1.6077756E+03 -2.4348230E+03
01818 -1.6080266E+03 -2.4351786E+03
01819 -1.6084170E+03 -2.4354156E+03
01820 -1.6088422E+03 -2.4356875E+03
01821 -1.6091002E+03 -2.4359594E+03
01822 -1.6095115E+03 -2.4363777E+03
01823 -1.6098252E+03 -2.4367960E+03
01824 -1.6100971E+03 -2.4371725E+03
01825 -1.6103899E+03 -2.4375559E+03
01826 -1.6107037E+03 -2.4379114E+03
01827 -1.6110174E+03 -2.4384622E+03
01828 -1.6113241E+03 -2.4387829E+03
01829 -1.6116030E+03 -2.4389363E+03
01830 -1.6119586E+03 -2.4391803E+03
01831 -1.6123002E+03 -2.4395219E+03
01832 -1.6127882E+03 -2.4399053E+03
01833 -1.6130670E+03 -2.4403585E+03
01834 -1.6134923E+03 -2.4407559E+03
01835 -1.6139176E+03 -2.4411323E+03
01836 -1.6142592E+03 -2.4416273E+03
01837 -1.6146426E+03 -2.4419898E+03
01838 -1.6150958E+03 -2.4423384E+03
01839 -1.6154722E+03 -2.4427776E+03
01840 -1.6159602E+03 -2.4430356E+03
01841 -1.6164622E+03 -2.4434330E+03
01842 -1.6166783E+03 -2.4438861E+03
01843 -1.6170339E+03 -2.4442347E+03
01844 -1.6173825E+03 -2.4445763E+03
01845 -1.6178147E+03 -2.4449388E+03
01846 -1.6183306E+03 -2.4452177E+03
01847 -1.6186513E+03 -2.4455872E+03
01848 -1.6190417E+03 -2.4460682E+03
01849 -1.6193275E+03 -2.4465144E+03
01850 -1.6195785E+03 -2.4471000E+03
01851 -1.6199968E+03 -2.4475532E+03
01852 -1.6203105E+03 -2.4479436E+03
01853 -1.6207428E+03 -2.4484804E+03
01854 -1.6210565E+03 -2.4489126E+03
01855 -1.6214818E+03 -2.4492891E+03
01856 -1.6217048E+03 -2.4497283E+03
01857 -1.6221231E+03 -2.4501187E+03
01858 -1.6222486E+03 -2.4506834E+03
01859 -1.6225972E+03 -2.4511366E+03
01860 -1.6229109E+03 -2.4515200E+03
01861 -1.6232177E+03 -2.4518756E+03
01862 -1.6236151E+03 -2.4522102E+03
01863 -1.6240334E+03 -2.4526564E+03
01864 -1.6245771E+03 -2.4531095E+03
01865 -1.6249745E+03 -2.4535209E+03
01866 -1.6253440E+03 -2.4538625E+03
01867 -1.6256020E+03 -2.4541065E+03
01868 -1.6259227E+03 -2.4544899E+03
01869 -1.6262434E+03 -2.4550825E+03
01870 -1.6265919E+03 -2.4554868E+03
01871 -1.6269196E+03 -2.4558424E+03
01872 -1.6271985E+03 -2.4563165E+03
01873 -1.6274355E+03 -2.4566441E+03
01874 -1.6277841E+03 -2.4570415E+03
01875 -1.6281605E+03 -2.4572437E+03
01876 -1.6286625E+03 -2.4576690E+03
01877 -1.6289971E+03 -2.4580454E+03
01878 -1.6292272E+03 -2.4584010E+03
01879 -1.6294991E+03 -2.4588681E+03
01880 -1.6297849E+03 -2.4593212E+03
01881 -1.6301684E+03 -2.4596559E+03
01882 -1.6304681E+03 -2.4599487E+03
01883 -1.6308167E+03 -2.4601718E+03
01884 -1.6311653E+03 -2.4604994E+03
01885 -1.6315487E+03 -2.4608968E+03
01886 -1.6320089E+03 -2.4613290E+03
01887 -1.6322738E+03 -2.4618659E+03
01888 -1.6325526E+03 -2.4620959E+03
01889 -1.6329361E+03 -2.4625142E+03
01890 -1.6333544E+03 -2.4629325E+03
01891 -1.6337308E+03 -2.4634972E+03
01892 -1.6340655E+03 -2.4639643E+03
01893 -1.6344629E+03 -2.4644175E+03
01894 -1.6348254E+03 -2.4648567E+03
01895 -1.6350903E+03 -2.4651425E+03
01896 -1.6354877E+03 -2.4654981E+03
01897 -1.6358154E+03 -2.4658118E+03
01898 -1.6360872E+03 -2.4661952E+03
01899 -1.6363034E+03 -2.4667251E+03
01900 -1.6367007E+03 -2.4670667E+03
01901 -1.6369796E+03 -2.4673595E+03
01902 -1.6373352E+03 -2.4675895E+03
01903 -1.6376837E+03 -2.4680497E+03
01904 -1.6379696E+03 -2.4685028E+03
01905 -1.6383530E+03 -2.4688375E+03
01906 -1.6387155E+03 -2.4692836E+03
01907 -1.6389944E+03 -2.4696531E+03
01908 -1.6391966E+03 -2.4700714E+03
01909 -1.6396149E+03 -2.4703154E+03
01910 -1.6400262E+03 -2.4707477E+03
01911 -1.6403190E+03 -2.4712427E+03
01912 -1.6407582E+03 -2.4717307E+03
01913 -1.6411486E+03 -2.4723302E+03
01914 -1.6414902E+03 -2.4726300E+03
01915 -1.6418040E+03 -2.4730065E+03
01916 -1.6421107E+03 -2.4732644E+03
01917 -1.6423477E+03 -2.4735851E+03
01918 -1.6427730E+03 -2.4740731E+03
01919 -1.6432401E+03 -2.4743729E+03
01920 -1.6436514E+03 -2.4748888E+03
01921 -1.6440837E+03 -2.4753768E+03
01922 -1.6442789E+03 -2.4757881E+03
01923 -1.6446484E+03 -2.4762204E+03
01924 -1.6450248E+03 -2.4765899E+03
01925 -1.6452828E+03 -2.4769454E+03
01926 -1.6456174E+03 -2.4773289E+03
01927 -1.6458475E+03 -2.4776565E+03
01928 -1.6461194E+03 -2.4780121E+03
01929 -1.6464331E+03 -2.4784234E+03
01930 -1.6467398E+03 -2.4788487E+03
01931 -1.6470605E+03 -2.4791345E+03
01932 -1.6474231E+03 -2.4795179E+03
01933 -1.6477368E+03 -2.4798456E+03
01934 -1.6480784E+03 -2.4802500E+03
01935 -1.6484130E+03 -2.4807380E+03
01936 -1.6486640E+03 -2.4810865E+03
01937 -1.6490405E+03 -2.4814491E+03
01938 -1.6492845E+03 -2.4818325E+03
01939 -1.6496052E+03 -2.4822996E+03
01940 -1.6499607E+03 -2.4826203E+03
01941 -1.6502954E+03 -2.4828364E+03
01942 -1.6507485E+03 -2.4831501E+03
01943 -1.6512574E+03 -2.4834569E+03
01944 -1.6515224E+03 -2.4838473E+03
01945 -1.6518640E+03 -2.4840355E+03
01946 -1.6521498E+03 -2.4843214E+03
01947 -1.6524705E+03 -2.4847118E+03
01948 -1.6527494E+03 -2.4851092E+03
01949 -1.6529237E+03 -2.4854996E+03
01950 -1.6531119E+03 -2.4857575E+03
01951 -1.6534535E+03 -2.4860991E+03
01952 -1.6538160E+03 -2.4863919E+03
01953 -1.6541576E+03 -2.4867335E+03
01954 -1.6542901E+03 -2.4870961E+03
01955 -1.6546665E+03 -2.4872634E+03
01956 -1.6550291E+03 -2.4876538E+03
01957 -1.6552870E+03 -2.4882464E+03
01958 -1.6557332E+03 -2.4885950E+03
01959 -1.6560888E+03 -2.4889784E+03
01960 -1.6564304E+03 -2.4894455E+03
01961 -1.6567441E+03 -2.4896128E+03
01962 -1.6569602E+03 -2.4899196E+03
01963 -1.6572739E+03 -2.4901915E+03
01964 -1.6575598E+03 -2.4904215E+03
01965 -1.6578595E+03 -2.4907143E+03
01966 -1.6581942E+03 -2.4910978E+03
01967 -1.6584661E+03 -2.4914394E+03
01968 -1.6586125E+03 -2.4916346E+03
01969 -1.6589820E+03 -2.4920250E+03
01970 -1.6591911E+03 -2.4923736E+03
01971 -1.6593863E+03 -2.4928337E+03
01972 -1.6596094E+03 -2.4933217E+03
01973 -1.6600207E+03 -2.4936424E+03
01974 -1.6603554E+03 -2.4939840E+03
01975 -1.6608016E+03 -2.4944441E+03
01976 -1.6610456E+03 -2.4947509E+03
01977 -1.6613244E+03 -2.4950925E+03
01978 -1.6616381E+03 -2.4952528E+03
01979 -1.6620007E+03 -2.4955038E+03
01980 -1.6623702E+03 -2.4960197E+03
01981 -1.6626490E+03 -2.4964101E+03
01982 -1.6629349E+03 -2.4966193E+03
01983 -1.6632834E+03 -2.4970376E+03
01984 -1.6634647E+03 -2.4975256E+03
01985 -1.6636948E+03 -2.4978602E+03
01986 -1.6640015E+03 -2.4983343E+03
01987 -1.6642734E+03 -2.4985992E+03
01988 -1.6644895E+03 -2.4989059E+03
01989 -1.6648521E+03 -2.4991918E+03
01990 -1.6652773E+03 -2.4996031E+03
01991 -1.6655004E+03 -2.4998680E+03
01992 -1.6657514E+03 -2.5002096E+03
01993 -1.6660581E+03 -2.5006419E+03
01994 -1.6663719E+03 -2.5008510E+03
01995 -1.6665740E+03 -2.5010741E+03
01996 -1.6668738E+03 -2.5013530E+03
01997 -1.6670481E+03 -2.5017364E+03
01998 -1.6672991E+03 -2.5021338E+03
01999 -1.6675222E+03 -2.5025591E+03
02000 -1.6678359E+03 -2.5029425E+03
02001 -1.6682193E+03 -2.5031656E+03
02002 -1.6685470E+03 -2.5035560E+03
02003 -1.6688747E+03 -2.5038070E+03
02004 -1.6692930E+03 -2.5042183E+03
02005 -1.6696485E+03 -2.5044553E+03
02006 -1.6700529E+03 -2.5047342E+03
02007 -1.6703666E+03 -2.5049364E+03
02008 -1.6707082E+03 -2.5052710E+03
02009 -1.6709522E+03 -2.5056893E+03
02010 -1.6712799E+03 -2.5062610E+03
02011 -1.6715169E+03 -2.5066793E+03
02012 -1.6719073E+03 -2.5070069E+03
02013 -1.6721722E+03 -2.5071464E+03
02014 -1.6725696E+03 -2.5074950E+03
02015 -1.6727578E+03 -2.5078017E+03
02016 -1.6732180E+03 -2.5081642E+03
02017 -1.6735805E+03 -2.5084222E+03
02018 -1.6739779E+03 -2.5087986E+03
02019 -1.6742428E+03 -2.5090217E+03
02020 -1.6745007E+03 -2.5093773E+03
02021 -1.6748145E+03 -2.5099350E+03
02022 -1.6752537E+03 -2.5102906E+03
02023 -1.6755883E+03 -2.5107158E+03
02024 -1.6759508E+03 -2.5112038E+03
02025 -1.6761182E+03 -2.5115315E+03
02026 -1.6764110E+03 -2.5120544E+03
02027 -1.6767038E+03 -2.5124030E+03
02028 -1.6769269E+03 -2.5126679E+03
02029 -1.6771848E+03 -2.5131559E+03
02030 -1.6774706E+03 -2.5135045E+03
02031 -1.6777495E+03 -2.5137345E+03
02032 -1.6780075E+03 -2.5139576E+03
02033 -1.6783142E+03 -2.5143411E+03
02034 -1.6787255E+03 -2.5147036E+03
02035 -1.6790253E+03 -2.5150103E+03
02036 -1.6793809E+03 -2.5151079E+03
02037 -1.6797016E+03 -2.5154286E+03
02038 -1.6801129E+03 -2.5157633E+03
02039 -1.6804684E+03 -2.5161467E+03
02040 -1.6808658E+03 -2.5165929E+03
02041 -1.6812144E+03 -2.5169345E+03
02042 -1.6814235E+03 -2.5171924E+03
02043 -1.6819115E+03 -2.5174295E+03
02044 -1.6821346E+03 -2.5177153E+03
02045 -1.6825460E+03 -2.5181964E+03
02046 -1.6829364E+03 -2.5185240E+03
02047 -1.6831943E+03 -2.5186844E+03
02048 -1.6835080E+03 -2.5189841E+03
02049 -1.6837381E+03 -2.5193885E+03
02050 -1.6841006E+03 -2.5196604E+03
02051 -1.6845677E+03 -2.5201484E+03
02052 -1.6848605E+03 -2.5204691E+03
02053 -1.6851045E+03 -2.5207061E+03
02054 -1.6853416E+03 -2.5212290E+03
02055 -1.6857111E+03 -2.5217100E+03
02056 -1.6860527E+03 -2.5221074E+03
02057 -1.6864501E+03 -2.5226233E+03
02058 -1.6867638E+03 -2.5228185E+03
02059 -1.6870426E+03 -2.5232089E+03
02060 -1.6873912E+03 -2.5234111E+03
02061 -1.6877537E+03 -2.5236969E+03
02062 -1.6881093E+03 -2.5240176E+03
02063 -1.6885206E+03 -2.5244080E+03
02064 -1.6886740E+03 -2.5247218E+03
02065 -1.6890295E+03 -2.5249797E+03
02066 -1.6893293E+03 -2.5252725E+03
02067 -1.6895873E+03 -2.5255096E+03
02068 -1.6898452E+03 -2.5258372E+03
02069 -1.6902356E+03 -2.5262555E+03
02070 -1.6904587E+03 -2.5264647E+03
02071 -1.6907027E+03 -2.5267784E+03
02072 -1.6909746E+03 -2.5270921E+03
02073 -1.6913093E+03 -2.5272594E+03
02074 -1.6916578E+03 -2.5277056E+03
02075 -1.6918809E+03 -2.5280402E+03
02076 -1.6921947E+03 -2.5281727E+03
02077 -1.6924177E+03 -2.5287025E+03
02078 -1.6928221E+03 -2.5289954E+03
02079 -1.6930243E+03 -2.5293718E+03
02080 -1.6933171E+03 -2.5299574E+03
02081 -1.6936029E+03 -2.5301248E+03
02082 -1.6940212E+03 -2.5302781E+03
02083 -1.6943140E+03 -2.5306895E+03
02084 -1.6946487E+03 -2.5310171E+03
02085 -1.6948787E+03 -2.5313518E+03
02086 -1.6951297E+03 -2.5317003E+03
02087 -1.6954992E+03 -2.5319165E+03
02088 -1.6957432E+03 -2.5320489E+03
02089 -1.6961197E+03 -2.5321674E+03
02090 -1.6964055E+03 -2.5325230E+03
02091 -1.6966077E+03 -2.5326764E+03
02092 -1.6968168E+03 -2.5329552E+03
02093 -1.6970748E+03 -2.5331992E+03
02094 -1.6973467E+03 -2.5336524E+03
02095 -1.6975349E+03 -2.5339173E+03
02096 -1.6978904E+03 -2.5341474E+03
02097 -1.6981623E+03 -2.5343356E+03
02098 -1.6983157E+03 -2.5347609E+03
02099 -1.6986713E+03 -2.5349700E+03
02100 -1.6989501E+03 -2.5351234E+03
02101 -1.6993127E+03 -2.5355417E+03
02102 -1.6994869E+03 -2.5357020E+03
02103 -1.6998425E+03 -2.5360436E+03
02104 -1.7002120E+03 -2.5363225E+03
02105 -1.7005954E+03 -2.5366850E+03
02106 -1.7008325E+03 -2.5369151E+03
02107 -1.7010834E+03 -2.5371312E+03
02108 -1.7012577E+03 -2.5374658E+03
02109 -1.7014599E+03 -2.5378075E+03
02110 -1.7017876E+03 -2.5380654E+03
02111 -1.7019688E+03 -2.5382746E+03
02112 -1.7022826E+03 -2.5385604E+03
02113 -1.7025335E+03 -2.5388602E+03
02114 -1.7028891E+03 -2.5390833E+03
02115 -1.7031749E+03 -2.5392924E+03
02116 -1.7034329E+03 -2.5394946E+03
02117 -1.7037048E+03 -2.5397246E+03
02118 -1.7039976E+03 -2.5399896E+03
02119 -1.7042485E+03 -2.5403939E+03
02120 -1.7045971E+03 -2.5406867E+03
02121 -1.7048481E+03 -2.5408680E+03
02122 -1.7051758E+03 -2.5411538E+03
02123 -1.7054058E+03 -2.5415512E+03
02124 -1.7055453E+03 -2.5417534E+03
02125 -1.7057684E+03 -2.5418370E+03
02126 -1.7060751E+03 -2.5419765E+03
02127 -1.7064167E+03 -2.5423878E+03
02128 -1.7068629E+03 -2.5428131E+03
02129 -1.7070860E+03 -2.5431338E+03
02130 -1.7073579E+03 -2.5434196E+03
02131 -1.7075112E+03 -2.5435590E+03
02132 -1.7078041E+03 -2.5438937E+03
02133 -1.7081736E+03 -2.5439494E+03
02134 -1.7084873E+03 -2.5441655E+03
02135 -1.7088010E+03 -2.5444514E+03
02136 -1.7090520E+03 -2.5445978E+03
02137 -1.7092681E+03 -2.5447093E+03
02138 -1.7095121E+03 -2.5450300E+03
02139 -1.7098537E+03 -2.5453089E+03
02140 -1.7101256E+03 -2.5456156E+03
02141 -1.7103138E+03 -2.5459224E+03
02142 -1.7105648E+03 -2.5460897E+03
02143 -1.7109343E+03 -2.5462291E+03
02144 -1.7111504E+03 -2.5465289E+03
02145 -1.7113805E+03 -2.5468496E+03
02146 -1.7115548E+03 -2.5471145E+03
02147 -1.7116733E+03 -2.5474004E+03
02148 -1.7119731E+03 -2.5477420E+03
02149 -1.7122519E+03 -2.5479511E+03
02150 -1.7124959E+03 -2.5482160E+03
02151 -1.7126981E+03 -2.5482579E+03
02152 -1.7130188E+03 -2.5485367E+03
02153 -1.7132280E+03 -2.5488993E+03
02154 -1.7134301E+03 -2.5490596E+03
02155 -1.7137369E+03 -2.5492688E+03
02156 -1.7140436E+03 -2.5494152E+03
02157 -1.7142876E+03 -2.5495128E+03
02158 -1.7145874E+03 -2.5498962E+03
02159 -1.7148663E+03 -2.5503006E+03
02160 -1.7151521E+03 -2.5504400E+03
02161 -1.7154310E+03 -2.5505515E+03
02162 -1.7156959E+03 -2.5507258E+03
02163 -1.7159678E+03 -2.5509629E+03
02164 -1.7162885E+03 -2.5511929E+03
02165 -1.7165883E+03 -2.5513393E+03
02166 -1.7169229E+03 -2.5516670E+03
02167 -1.7172645E+03 -2.5519110E+03
02168 -1.7175015E+03 -2.5521620E+03
02169 -1.7177316E+03 -2.5524896E+03
02170 -1.7179965E+03 -2.5526360E+03
02171 -1.7182893E+03 -2.5530752E+03
02172 -1.7185055E+03 -2.5535284E+03
02173 -1.7187913E+03 -2.5537654E+03
02174 -1.7190492E+03 -2.5540722E+03
02175 -1.7192932E+03 -2.5543999E+03
02176 -1.7195721E+03 -2.5547972E+03
02177 -1.7197952E+03 -2.5550970E+03
02178 -1.7200741E+03 -2.5554107E+03
02179 -1.7203738E+03 -2.5557802E+03
02180 -1.7206248E+03 -2.5561428E+03
02181 -1.7209595E+03 -2.5563101E+03
02182 -1.7211616E+03 -2.5564704E+03
02183 -1.7215102E+03 -2.5566238E+03
02184 -1.7217682E+03 -2.5567353E+03
02185 -1.7219355E+03 -2.5569724E+03
02186 -1.7222701E+03 -2.5571885E+03
02187 -1.7226326E+03 -2.5571118E+03
02188 -1.7228976E+03 -2.5574813E+03
02189 -1.7231555E+03 -2.5578857E+03
02190 -1.7234483E+03 -2.5581087E+03
02191 -1.7236854E+03 -2.5583946E+03
02192 -1.7238875E+03 -2.5587362E+03
02193 -1.7241594E+03 -2.5590499E+03
02194 -1.7242640E+03 -2.5592242E+03
02195 -1.7244801E+03 -2.5594124E+03
02196 -1.7248008E+03 -2.5595797E+03
02197 -1.7250866E+03 -2.5599004E+03
02198 -1.7252052E+03 -2.5601863E+03
02199 -1.7255049E+03 -2.5604582E+03
02200 -1.7258256E+03 -2.5608765E+03
02201 -1.7260836E+03 -2.5611623E+03
02202 -1.7262579E+03 -2.5613017E+03
02203 -1.7265298E+03 -2.5617409E+03
02204 -1.7267947E+03 -2.5619849E+03
02205 -1.7270666E+03 -2.5623544E+03
02206 -1.7271572E+03 -2.5625845E+03
02207 -1.7273176E+03 -2.5628494E+03
02208 -1.7275546E+03 -2.5631074E+03
02209 -1.7278056E+03 -2.5634072E+03
02210 -1.7280635E+03 -2.5636721E+03
02211 -1.7283842E+03 -2.5639509E+03
02212 -1.7286003E+03 -2.5642437E+03
02213 -1.7287746E+03 -2.5645226E+03
02214 -1.7290256E+03 -2.5646481E+03
02215 -1.7293323E+03 -2.5648363E+03
02216 -1.7295554E+03 -2.5652407E+03
02217 -1.7297437E+03 -2.5654707E+03
02218 -1.7299180E+03 -2.5655614E+03
02219 -1.7302108E+03 -2.5657078E+03
02220 -1.7304339E+03 -2.5660006E+03
02221 -1.7307476E+03 -2.5661749E+03
02222 -1.7308661E+03 -2.5662585E+03
02223 -1.7310683E+03 -2.5663631E+03
02224 -1.7312914E+03 -2.5668651E+03
02225 -1.7315284E+03 -2.5671858E+03
02226 -1.7319606E+03 -2.5675413E+03
02227 -1.7323720E+03 -2.5677505E+03
02228 -1.7326508E+03 -2.5680572E+03
02229 -1.7329994E+03 -2.5683012E+03
02230 -1.7331946E+03 -2.5687962E+03
02231 -1.7334316E+03 -2.5690681E+03
02232 -1.7337802E+03 -2.5693330E+03
02233 -1.7340800E+03 -2.5696119E+03
02234 -1.7344565E+03 -2.5698698E+03
02235 -1.7348260E+03 -2.5700511E+03
02236 -1.7350281E+03 -2.5701766E+03
02237 -1.7353140E+03 -2.5703997E+03
02238 -1.7355859E+03 -2.5704694E+03
02239 -1.7357741E+03 -2.5705879E+03
02240 -1.7361366E+03 -2.5707482E+03
02241 -1.7364852E+03 -2.5709016E+03
02242 -1.7367850E+03 -2.5712641E+03
