00000  7.1110282E-01  2.7189226E-01
00001 -2.0845073E+00 -2.9141272E+00
00002 -1.9381038E+00 -2.8025817E+00
00003 -1.8195866E+00 -2.7607521E+00
00004 -2.0705641E+00 -2.8165249E+00
00005 -2.0496493E+00 -3.1441899E+00
00006 -1.8544446E+00 -2.8095533E+00
00007 -1.8893026E+00 -2.9838432E+00
00008 -1.7777571E+00 -2.8583545E+00
00009 -2.0984505E+00 -3.1093319E+00
00010 -2.0217629E+00 -2.6422350E+00
00011 -1.8056434E+00 -2.8513829E+00
00012 -1.8056434E+00 -2.9559568E+00
00013 -2.0426777E+00 -3.0675024E+00
00014 -1.8683878E+00 -2.8862409E+00
00015 -1.7010695E+00 -2.9420136E+00
00016 -1.9729618E+00 -3.0256728E+00
00017 -1.8335298E+00 -3.2487639E+00
00018 -1.9450754E+00 -2.9420136E+00
00019 -1.6592399E+00 -2.8653261E+00
00020 -2.0775357E+00 -2.8653261E+00
00021 -2.0426777E+00 -2.6770930E+00
00022 -1.7498707E+00 -2.7956101E+00
00023 -1.8544446E+00 -2.8444113E+00
00024 -1.9869049E+00 -2.9768716E+00
00025 -2.1472517E+00 -2.7119510E+00
00026 -1.9659902E+00 -3.1163035E+00
00027 -2.0078197E+00 -2.8374397E+00
00028 -1.7150127E+00 -3.0605308E+00
00029 -1.8474730E+00 -2.6840646E+00
00030 -2.0217629E+00 -2.9141272E+00
00031 -1.9729618E+00 -2.7468089E+00
00032 -1.9729618E+00 -2.7468089E+00
00033 -1.7219843E+00 -2.8025817E+00
00034 -1.7080411E+00 -2.7886385E+00
00035 -1.7638139E+00 -3.0256728E+00
00036 -1.9450754E+00 -2.5585758E+00
00037 -2.0217629E+00 -2.8513829E+00
00038 -1.8056434E+00 -2.7328657E+00
00039 -1.7359275E+00 -2.8025817E+00
00040 -1.8405014E+00 -3.0256728E+00
00041 -2.0147913E+00 -3.0744740E+00
00042 -1.8614162E+00 -3.1511615E+00
00043 -1.9938765E+00 -2.5864622E+00
00044 -1.8056434E+00 -2.8722977E+00
00045 -1.8126150E+00 -2.8792693E+00
00046 -1.8126150E+00 -2.6631498E+00
00047 -2.0147913E+00 -2.6213202E+00
00048 -1.7498707E+00 -2.8165249E+00
00049 -1.7289559E+00 -2.9699000E+00
00050 -1.7638139E+00 -2.8792693E+00
00051 -1.9520470E+00 -2.9350420E+00
00052 -1.9659902E+00 -2.8583545E+00
00053 -1.9171890E+00 -2.7886385E+00
00054 -1.8195866E+00 -2.9141272E+00
00055 -1.8195866E+00 -3.0744740E+00
00056 -1.8962742E+00 -2.7398373E+00
00057 -1.7428991E+00 -2.8862409E+00
00058 -1.7150127E+00 -2.7398373E+00
00059 -1.6522683E+00 -2.6004054E+00
00060 -1.8823310E+00 -2.8932125E+00
00061 -1.8962742E+00 -2.9280704E+00
00062 -1.8544446E+00 -2.7816669E+00
00063 -1.9799333E+00 -3.0675024E+00
00064 -1.7289559E+00 -2.6910362E+00
00065 -2.0426777E+00 -3.0814456E+00
00066 -1.7777571E+00 -2.9210988E+00
00067 -1.8126150E+00 -2.4679451E+00
00068 -1.8544446E+00 -2.8513829E+00
00069 -1.8962742E+00 -2.8653261E+00
00070 -1.8474730E+00 -3.0117296E+00
00071 -1.8893026E+00 -2.7956101E+00
00072 -2.0287345E+00 -2.6282918E+00
00073 -1.7359275E+00 -2.9280704E+00
00074 -1.7359275E+00 -2.6213202E+00
00075 -1.8683878E+00 -2.7677237E+00
00076 -1.7777571E+00 -2.8444113E+00
00077 -1.9590186E+00 -3.0744740E+00
00078 -1.7986718E+00 -3.1581331E+00
00079 -1.7917002E+00 -2.9629284E+00
00080 -2.0078197E+00 -2.6352634E+00
00081 -1.7428991E+00 -2.7468089E+00
00082 -1.8265582E+00 -2.9768716E+00
00083 -1.8683878E+00 -2.7677237E+00
00084 -1.9938765E+00 -2.6980078E+00
00085 -1.8265582E+00 -2.8653261E+00
00086 -2.1960528E+00 -2.9280704E+00
00087 -1.7777571E+00 -3.0047580E+00
00088 -1.7359275E+00 -2.8304681E+00
00089 -1.7498707E+00 -2.8095533E+00
00090 -1.6871263E+00 -2.7328657E+00
00091 -1.9241606E+00 -2.5725190E+00
00092 -1.7847287E+00 -2.8234965E+00
00093 -1.7777571E+00 -2.7258941E+00
00094 -1.7986718E+00 -2.5306895E+00
00095 -1.6801547E+00 -2.5725190E+00
00096 -1.7359275E+00 -2.6352634E+00
00097 -1.9938765E+00 -2.7049794E+00
00098 -1.7847287E+00 -2.7677237E+00
00099 -1.6174103E+00 -2.4749167E+00
00100 -1.8405014E+00 -2.9001841E+00
00101 -1.9938765E+00 -2.7677237E+00
00102 -1.8823310E+00 -2.8722977E+00
00103 -1.6522683E+00 -2.4121723E+00
00104 -1.9450754E+00 -2.7049794E+00
00105 -1.7010695E+00 -2.8234965E+00
00106 -1.7498707E+00 -2.8025817E+00
00107 -1.8614162E+00 -2.6701214E+00
00108 -1.8683878E+00 -2.8025817E+00
00109 -1.8126150E+00 -2.6561782E+00
00110 -1.7986718E+00 -2.4330871E+00
00111 -1.7707855E+00 -2.5794906E+00
00112 -1.6522683E+00 -2.7189226E+00
00113 -1.8195866E+00 -2.7537805E+00
00114 -1.8126150E+00 -2.8025817E+00
00115 -1.7847287E+00 -2.6770930E+00
00116 -1.7986718E+00 -2.5934338E+00
00117 -1.7219843E+00 -2.6980078E+00
00118 -1.7010695E+00 -2.9699000E+00
00119 -1.7777571E+00 -2.5585758E+00
00120 -1.8056434E+00 -2.7049794E+00
00121 -1.7707855E+00 -2.6073770E+00
00122 -1.6383251E+00 -2.5864622E+00
00123 -1.7638139E+00 -2.6143486E+00
00124 -1.6034671E+00 -2.5516042E+00
00125 -1.7080411E+00 -2.5306895E+00
00126 -1.5686092E+00 -2.6004054E+00
00127 -1.7289559E+00 -2.6980078E+00
00128 -1.7010695E+00 -2.3912575E+00
00129 -1.7847287E+00 -2.6561782E+00
00130 -1.8614162E+00 -2.6492066E+00
00131 -1.6592399E+00 -2.6840646E+00
00132 -1.8962742E+00 -2.6213202E+00
00133 -1.6243819E+00 -2.4609735E+00
00134 -1.7428991E+00 -2.6213202E+00
00135 -1.5476944E+00 -2.5376610E+00
00136 -1.8474730E+00 -2.3006268E+00
00137 -2.0008481E+00 -2.2936552E+00
00138 -1.6940979E+00 -2.4679451E+00
00139 -1.6731831E+00 -2.7328657E+00
00140 -1.4988932E+00 -2.6422350E+00
00141 -1.8893026E+00 -2.2797120E+00
00142 -1.6592399E+00 -2.5516042E+00
00143 -1.6034671E+00 -2.3703427E+00
00144 -1.8126150E+00 -2.4958315E+00
00145 -1.5476944E+00 -2.3982291E+00
00146 -1.5128364E+00 -2.5864622E+00
00147 -1.7917002E+00 -2.5794906E+00
00148 -1.7568423E+00 -2.5725190E+00
00149 -1.7707855E+00 -2.3424564E+00
00150 -1.5825524E+00 -2.3285132E+00
00151 -1.6313535E+00 -2.5237179E+00
00152 -1.7498707E+00 -2.5306895E+00
00153 -1.8195866E+00 -2.3842859E+00
00154 -1.7080411E+00 -2.6910362E+00
00155 -1.4988932E+00 -2.6004054E+00
00156 -1.7428991E+00 -2.4958315E+00
00157 -1.6522683E+00 -2.5237179E+00
00158 -1.6662115E+00 -2.4540019E+00
00159 -1.7219843E+00 -2.6910362E+00
00160 -1.6313535E+00 -2.9141272E+00
00161 -1.5616376E+00 -2.4261155E+00
00162 -1.7428991E+00 -2.5237179E+00
00163 -1.5616376E+00 -2.4888599E+00
00164 -1.7986718E+00 -2.6143486E+00
00165 -1.6662115E+00 -2.7189226E+00
00166 -1.7150127E+00 -2.5725190E+00
00167 -1.6313535E+00 -2.3982291E+00
00168 -1.6174103E+00 -2.5864622E+00
00169 -1.5825524E+00 -2.3285132E+00
00170 -1.6801547E+00 -2.6282918E+00
00171 -1.5407228E+00 -2.2657688E+00
00172 -1.5895240E+00 -2.5934338E+00
00173 -1.8683878E+00 -2.4609735E+00
00174 -1.7219843E+00 -2.2448540E+00
00175 -1.6801547E+00 -2.4191439E+00
00176 -1.5267796E+00 -2.3703427E+00
00177 -1.4500920E+00 -2.2727404E+00
00178 -1.6174103E+00 -2.4121723E+00
00179 -1.5825524E+00 -2.4888599E+00
00180 -1.7080411E+00 -2.3703427E+00
00181 -1.7010695E+00 -2.3982291E+00
00182 -1.5964956E+00 -2.1472517E+00
00183 -1.5686092E+00 -2.5585758E+00
00184 -1.4361488E+00 -2.3773143E+00
00185 -1.4012909E+00 -2.6282918E+00
00186 -1.7080411E+00 -2.2239392E+00
00187 -1.4291772E+00 -2.6073770E+00
00188 -1.7080411E+00 -2.2378824E+00
00189 -1.6592399E+00 -2.3773143E+00
00190 -1.4361488E+00 -2.3075984E+00
00191 -1.5686092E+00 -2.5237179E+00
00192 -1.5058648E+00 -2.3285132E+00
00193 -1.5128364E+00 -2.6073770E+00
00194 -1.4152340E+00 -2.4191439E+00
00195 -1.4919216E+00 -2.5446326E+00
00196 -1.5895240E+00 -2.4958315E+00
00197 -1.5546660E+00 -2.0984505E+00
00198 -1.5128364E+00 -2.4400587E+00
00199 -1.5964956E+00 -2.5306895E+00
00200 -1.6592399E+00 -2.2309108E+00
00201 -1.8753594E+00 -2.4888599E+00
00202 -1.3524897E+00 -2.1402801E+00
00203 -1.6871263E+00 -2.4261155E+00
00204 -1.4988932E+00 -2.5167463E+00
00205 -1.5476944E+00 -2.3982291E+00
00206 -1.4779784E+00 -2.4400587E+00
00207 -1.5964956E+00 -2.4749167E+00
00208 -1.4500920E+00 -2.3703427E+00
00209 -1.4779784E+00 -2.2866836E+00
00210 -1.5895240E+00 -2.2309108E+00
00211 -1.4012909E+00 -2.3842859E+00
00212 -1.5476944E+00 -2.4191439E+00
00213 -1.5267796E+00 -2.0217629E+00
00214 -1.5198080E+00 -2.1960528E+00
00215 -1.6034671E+00 -2.2727404E+00
00216 -1.4222056E+00 -2.3563995E+00
00217 -1.5755808E+00 -2.4470303E+00
00218 -1.6592399E+00 -2.2378824E+00
00219 -1.5895240E+00 -2.2936552E+00
00220 -1.4361488E+00 -2.3773143E+00
00221 -1.4919216E+00 -2.0984505E+00
00222 -1.5058648E+00 -2.2030244E+00
00223 -1.6522683E+00 -2.4191439E+00
00224 -1.6940979E+00 -2.2030244E+00
00225 -1.4919216E+00 -2.7258941E+00
00226 -1.7359275E+00 -2.3006268E+00
00227 -1.4710068E+00 -2.4191439E+00
00228 -1.5825524E+00 -2.6492066E+00
00229 -1.4640352E+00 -2.2518256E+00
00230 -1.3176317E+00 -2.1611949E+00
00231 -1.3803761E+00 -2.2587972E+00
00232 -1.4291772E+00 -2.5585758E+00
00233 -1.6174103E+00 -2.3354848E+00
00234 -1.6243819E+00 -2.1751380E+00
00235 -1.4222056E+00 -2.3006268E+00
00236 -1.4849500E+00 -2.1054221E+00
00237 -1.4570636E+00 -2.1821096E+00
00238 -1.2479157E+00 -2.3424564E+00
00239 -1.4431204E+00 -2.3354848E+00
00240 -1.6592399E+00 -2.3075984E+00
00241 -1.4710068E+00 -2.3145700E+00
00242 -1.3594613E+00 -2.3354848E+00
00243 -1.5755808E+00 -2.3285132E+00
00244 -1.4431204E+00 -2.2169676E+00
00245 -1.5895240E+00 -2.2169676E+00
00246 -1.3524897E+00 -2.4191439E+00
00247 -1.6452967E+00 -2.4121723E+00
00248 -1.4710068E+00 -2.3563995E+00
00249 -1.3594613E+00 -2.1611949E+00
00250 -1.4640352E+00 -2.1333085E+00
00251 -1.4849500E+00 -2.2518256E+00
00252 -1.8126150E+00 -2.3145700E+00
00253 -1.4431204E+00 -2.1263369E+00
00254 -1.4779784E+00 -2.4121723E+00
00255 -1.3315749E+00 -2.2518256E+00
00256 -1.4361488E+00 -2.1681664E+00
00257 -1.5616376E+00 -2.2309108E+00
00258 -1.5267796E+00 -2.0984505E+00
00259 -1.3664329E+00 -2.2309108E+00
00260 -1.2618589E+00 -2.0566209E+00
00261 -1.3455181E+00 -2.1890812E+00
00262 -1.4988932E+00 -2.3145700E+00
00263 -1.4849500E+00 -2.1611949E+00
00264 -1.7219843E+00 -2.0984505E+00
00265 -1.3036885E+00 -2.3285132E+00
00266 -1.6731831E+00 -2.2378824E+00
00267 -1.2618589E+00 -2.2099960E+00
00268 -1.5198080E+00 -2.4191439E+00
00269 -1.4152340E+00 -2.3075984E+00
00270 -1.3246033E+00 -2.4121723E+00
00271 -1.5198080E+00 -2.3633711E+00
00272 -1.4988932E+00 -2.2169676E+00
00273 -1.5058648E+00 -2.0705641E+00
00274 -1.4779784E+00 -2.1542233E+00
00275 -1.2967169E+00 -2.3145700E+00
00276 -1.3664329E+00 -2.2727404E+00
00277 -1.4500920E+00 -1.8056434E+00
00278 -1.5337512E+00 -2.2448540E+00
00279 -1.3803761E+00 -2.5237179E+00
00280 -1.5407228E+00 -2.2936552E+00
00281 -1.2967169E+00 -2.2169676E+00
00282 -1.3873477E+00 -2.3145700E+00
00283 -1.3803761E+00 -2.3006268E+00
00284 -1.4919216E+00 -2.2936552E+00
00285 -1.4919216E+00 -2.2936552E+00
00286 -1.3246033E+00 -2.0078197E+00
00287 -1.3803761E+00 -2.2448540E+00
00288 -1.4919216E+00 -2.3494279E+00
00289 -1.3385465E+00 -2.1681664E+00
00290 -1.4710068E+00 -2.0426777E+00
00291 -1.5337512E+00 -2.2936552E+00
00292 -1.4710068E+00 -1.9659902E+00
00293 -1.3664329E+00 -2.2797120E+00
00294 -1.5058648E+00 -2.1193653E+00
00295 -1.5616376E+00 -2.3006268E+00
00296 -1.5198080E+00 -2.1542233E+00
00297 -1.4152340E+00 -2.1472517E+00
00298 -1.5476944E+00 -2.1542233E+00
00299 -1.4849500E+00 -2.3285132E+00
00300 -1.3803761E+00 -2.2099960E+00
00301 -1.3106601E+00 -2.0984505E+00
00302 -1.4082625E+00 -2.0914789E+00
00303 -1.5407228E+00 -2.4470303E+00
00304 -1.3803761E+00 -2.2657688E+00
00305 -1.2339725E+00 -2.0984505E+00
00306 -1.5476944E+00 -2.2936552E+00
00307 -1.3734045E+00 -2.2378824E+00
00308 -1.1084838E+00 -2.0078197E+00
00309 -1.3664329E+00 -2.1821096E+00
00310 -1.3873477E+00 -2.1542233E+00
00311 -1.1851714E+00 -2.1542233E+00
00312 -1.3524897E+00 -2.2030244E+00
00313 -1.1991146E+00 -2.2518256E+00
00314 -1.3734045E+00 -2.0287345E+00
00315 -1.2758021E+00 -2.1611949E+00
00316 -1.3594613E+00 -2.0705641E+00
00317 -1.4431204E+00 -2.2936552E+00
00318 -1.5895240E+00 -2.2030244E+00
00319 -1.4779784E+00 -1.9450754E+00
00320 -1.3594613E+00 -2.1821096E+00
00321 -1.3664329E+00 -2.2797120E+00
00322 -1.3524897E+00 -2.1333085E+00
00323 -1.3246033E+00 -2.1960528E+00
00324 -1.3385465E+00 -2.1054221E+00
00325 -1.3803761E+00 -2.3075984E+00
00326 -1.2479157E+00 -2.3494279E+00
00327 -1.3315749E+00 -2.2309108E+00
00328 -1.3315749E+00 -1.9171890E+00
00329 -1.4082625E+00 -1.7986718E+00
00330 -1.3315749E+00 -1.9659902E+00
00331 -1.4640352E+00 -2.0914789E+00
00332 -1.3385465E+00 -2.0217629E+00
00333 -1.3106601E+00 -2.2099960E+00
00334 -1.2758021E+00 -1.9729618E+00
00335 -1.3036885E+00 -2.0984505E+00
00336 -1.5198080E+00 -1.7917002E+00
00337 -1.3385465E+00 -2.2309108E+00
00338 -1.4291772E+00 -2.1193653E+00
00339 -1.2339725E+00 -2.1263369E+00
00340 -1.3036885E+00 -2.0775357E+00
00341 -1.4152340E+00 -2.0914789E+00
00342 -1.1781998E+00 -2.0705641E+00
00343 -1.3106601E+00 -2.0496493E+00
00344 -1.3664329E+00 -2.2030244E+00
00345 -1.2339725E+00 -2.0775357E+00
00346 -1.2479157E+00 -2.0775357E+00
00347 -1.3385465E+00 -2.1681664E+00
00348 -1.1363702E+00 -2.1193653E+00
00349 -1.3176317E+00 -2.0426777E+00
00350 -1.2060862E+00 -1.8405014E+00
00351 -1.2339725E+00 -2.1890812E+00
00352 -1.3036885E+00 -1.8544446E+00
00353 -1.3943193E+00 -2.0147913E+00
00354 -1.0945406E+00 -2.2030244E+00
00355 -1.3176317E+00 -1.7359275E+00
00356 -1.2270009E+00 -1.8823310E+00
00357 -1.1921430E+00 -2.1751380E+00
00358 -1.2339725E+00 -2.2657688E+00
00359 -1.2758021E+00 -2.0566209E+00
00360 -1.3594613E+00 -2.0914789E+00
00361 -1.1781998E+00 -2.0635925E+00
00362 -1.2758021E+00 -1.9590186E+00
00363 -1.4152340E+00 -2.0008481E+00
00364 -1.4291772E+00 -1.9799333E+00
00365 -1.2200294E+00 -2.0705641E+00
00366 -1.2548873E+00 -1.9032458E+00
00367 -1.4152340E+00 -2.2378824E+00
00368 -1.1921430E+00 -2.1333085E+00
00369 -1.2758021E+00 -1.8195866E+00
00370 -1.3734045E+00 -1.7568423E+00
00371 -1.3524897E+00 -2.0775357E+00
00372 -1.2339725E+00 -1.8753594E+00
00373 -1.2409441E+00 -2.0426777E+00
00374 -1.2618589E+00 -1.8544446E+00
00375 -1.3734045E+00 -1.8614162E+00
00376 -1.5476944E+00 -1.9659902E+00
00377 -1.4640352E+00 -2.0496493E+00
00378 -1.4361488E+00 -1.8683878E+00
00379 -1.0039099E+00 -1.9102174E+00
00380 -1.3524897E+00 -2.0566209E+00
00381 -1.1991146E+00 -2.0775357E+00
00382 -1.2758021E+00 -1.9381038E+00
00383 -1.2618589E+00 -2.2169676E+00
00384 -1.1224270E+00 -1.8195866E+00
00385 -1.2688305E+00 -2.0845073E+00
00386 -1.3246033E+00 -1.9659902E+00
00387 -1.2270009E+00 -1.8195866E+00
00388 -1.3524897E+00 -2.0984505E+00
00389 -1.3246033E+00 -1.9520470E+00
00390 -1.4082625E+00 -1.9938765E+00
00391 -1.3594613E+00 -1.9381038E+00
00392 -1.1781998E+00 -2.1751380E+00
00393 -1.4152340E+00 -2.2239392E+00
00394 -1.2967169E+00 -2.1821096E+00
00395 -1.3036885E+00 -2.1681664E+00
00396 -1.4082625E+00 -2.1054221E+00
00397 -1.1781998E+00 -2.1681664E+00
00398 -1.0875690E+00 -2.0078197E+00
00399 -1.2270009E+00 -1.9938765E+00
00400 -1.2548873E+00 -2.0078197E+00
00401 -1.1991146E+00 -1.8962742E+00
00402 -1.2060862E+00 -2.0845073E+00
00403 -1.1363702E+00 -1.9381038E+00
00404 -1.1642566E+00 -1.9590186E+00
00405 -1.2060862E+00 -2.2309108E+00
00406 -1.2270009E+00 -1.9032458E+00
00407 -1.1712282E+00 -1.9590186E+00
00408 -1.2339725E+00 -2.0357061E+00
00409 -1.2827737E+00 -1.9869049E+00
00410 -1.3246033E+00 -1.9032458E+00
00411 -1.2339725E+00 -1.8474730E+00
00412 -1.3803761E+00 -1.8056434E+00
00413 -1.3246033E+00 -1.9241606E+00
00414 -1.2548873E+00 -1.9311322E+00
00415 -1.1572850E+00 -1.9799333E+00
00416 -1.1781998E+00 -1.7777571E+00
00417 -1.3385465E+00 -1.8405014E+00
00418 -1.0875690E+00 -1.8544446E+00
00419 -1.1293986E+00 -1.9171890E+00
00420 -1.1991146E+00 -1.8056434E+00
00421 -1.2967169E+00 -2.0147913E+00
00422 -1.2827737E+00 -2.1472517E+00
00423 -1.2897453E+00 -2.0496493E+00
00424 -1.3176317E+00 -1.9171890E+00
00425 -1.1503134E+00 -1.8614162E+00
00426 -1.0875690E+00 -1.8195866E+00
00427 -1.3036885E+00 -1.7847287E+00
00428 -1.3524897E+00 -1.8823310E+00
00429 -1.1921430E+00 -1.9171890E+00
00430 -1.1503134E+00 -1.8823310E+00
00431 -1.2060862E+00 -1.7428991E+00
00432 -1.1642566E+00 -2.0147913E+00
00433 -1.1991146E+00 -1.8962742E+00
00434 -1.1642566E+00 -1.8405014E+00
00435 -1.1154554E+00 -1.8405014E+00
00436 -1.2270009E+00 -1.8265582E+00
00437 -1.3594613E+00 -1.8544446E+00
00438 -1.3315749E+00 -1.8823310E+00
00439 -1.1224270E+00 -1.9171890E+00
00440 -1.2060862E+00 -1.8614162E+00
00441 -1.2200294E+00 -1.8405014E+00
00442 -1.1781998E+00 -1.8683878E+00
00443 -1.0736258E+00 -1.9171890E+00
00444 -1.1572850E+00 -1.9729618E+00
00445 -1.1851714E+00 -1.8683878E+00
00446 -1.2409441E+00 -1.8962742E+00
00447 -1.1154554E+00 -1.6034671E+00
00448 -1.2618589E+00 -1.8195866E+00
00449 -1.2409441E+00 -1.8056434E+00
00450 -1.1224270E+00 -1.8126150E+00
00451 -1.1781998E+00 -1.9590186E+00
00452 -1.2270009E+00 -1.6243819E+00
00453 -1.1503134E+00 -1.9102174E+00
00454 -1.1991146E+00 -1.8335298E+00
00455 -1.1781998E+00 -1.9171890E+00
00456 -1.0178531E+00 -2.0217629E+00
00457 -1.1712282E+00 -1.6592399E+00
00458 -1.2827737E+00 -1.8056434E+00
00459 -1.1921430E+00 -1.8335298E+00
00460 -1.0108815E+00 -1.8056434E+00
00461 -1.2200294E+00 -1.6522683E+00
00462 -1.2967169E+00 -1.7917002E+00
00463 -1.2618589E+00 -1.7777571E+00
00464 -1.1642566E+00 -1.8405014E+00
00465 -1.1712282E+00 -2.0635925E+00
00466 -1.0666542E+00 -1.8893026E+00
00467 -1.0805974E+00 -1.6731831E+00
00468 -1.3664329E+00 -1.7289559E+00
00469 -1.0736258E+00 -1.8544446E+00
00470 -1.1921430E+00 -1.8683878E+00
00471 -1.0736258E+00 -1.8823310E+00
00472 -1.1015122E+00 -1.8405014E+00
00473 -1.1712282E+00 -1.7777571E+00
00474 -1.1642566E+00 -1.8823310E+00
00475 -1.1851714E+00 -1.8405014E+00
00476 -9.6905188E-01 -1.7917002E+00
00477 -1.0945406E+00 -1.8544446E+00
00478 -1.1991146E+00 -1.9450754E+00
00479 -1.1293986E+00 -1.8683878E+00
00480 -1.2270009E+00 -1.9659902E+00
00481 -1.1084838E+00 -1.7219843E+00
00482 -1.1503134E+00 -1.7289559E+00
00483 -1.1781998E+00 -1.8195866E+00
00484 -1.2827737E+00 -1.6452967E+00
00485 -1.0945406E+00 -1.8126150E+00
00486 -1.1712282E+00 -1.7080411E+00
00487 -1.2409441E+00 -1.8126150E+00
00488 -1.2339725E+00 -1.7428991E+00
00489 -9.8996667E-01 -1.6522683E+00
00490 -1.2270009E+00 -1.6452967E+00
00491 -1.2618589E+00 -1.6383251E+00
00492 -9.6905188E-01 -1.8544446E+00
00493 -1.1293986E+00 -1.9102174E+00
00494 -1.0736258E+00 -1.8823310E+00
00495 -1.2270009E+00 -1.6871263E+00
00496 -1.2758021E+00 -2.0078197E+00
00497 -9.6208029E-01 -1.6592399E+00
00498 -1.0457394E+00 -1.8893026E+00
00499 -1.0039099E+00 -1.8195866E+00
00500 -1.3176317E+00 -1.8614162E+00
00501 -1.0666542E+00 -1.8474730E+00
00502 -1.1154554E+00 -1.7428991E+00
00503 -1.0875690E+00 -1.7010695E+00
00504 -1.2409441E+00 -1.9032458E+00
00505 -1.2200294E+00 -1.8265582E+00
00506 -1.1224270E+00 -1.8962742E+00
00507 -1.1572850E+00 -1.8962742E+00
00508 -1.0666542E+00 -1.7638139E+00
00509 -1.1503134E+00 -2.0357061E+00
00510 -1.3943193E+00 -1.7568423E+00
00511 -9.7602348E-01 -1.6592399E+00
00512 -1.2548873E+00 -1.7219843E+00
00513 -1.2339725E+00 -1.7219843E+00
00514 -1.0178531E+00 -1.5895240E+00
00515 -1.1224270E+00 -1.9311322E+00
00516 -1.1293986E+00 -1.9659902E+00
00517 -1.1293986E+00 -1.8265582E+00
00518 -1.1084838E+00 -1.9241606E+00
00519 -1.0317963E+00 -1.7917002E+00
00520 -9.8996667E-01 -1.6940979E+00
00521 -1.3176317E+00 -1.8265582E+00
00522 -1.0736258E+00 -2.0078197E+00
00523 -1.1293986E+00 -1.7777571E+00
00524 -1.2688305E+00 -1.7638139E+00
00525 -1.2688305E+00 -1.9032458E+00
00526 -9.9693827E-01 -1.6801547E+00
00527 -1.2409441E+00 -1.8474730E+00
00528 -1.1224270E+00 -1.6522683E+00
00529 -1.2339725E+00 -1.9032458E+00
00530 -1.1224270E+00 -1.5895240E+00
00531 -1.1712282E+00 -1.9311322E+00
00532 -1.1433418E+00 -1.8195866E+00
00533 -1.0805974E+00 -1.7777571E+00
00534 -1.0178531E+00 -1.6522683E+00
00535 -1.0178531E+00 -1.5755808E+00
00536 -1.0666542E+00 -1.6871263E+00
00537 -1.0108815E+00 -1.6592399E+00
00538 -1.0317963E+00 -1.7010695E+00
00539 -1.0248247E+00 -1.7219843E+00
00540 -9.9693827E-01 -1.7707855E+00
00541 -1.1154554E+00 -1.6034671E+00
00542 -1.1433418E+00 -1.8056434E+00
00543 -1.1851714E+00 -1.7428991E+00
00544 -1.0945406E+00 -1.7568423E+00
00545 -1.1154554E+00 -1.7219843E+00
00546 -1.1224270E+00 -1.7359275E+00
00547 -1.0039099E+00 -1.8962742E+00
00548 -1.0875690E+00 -1.7707855E+00
00549 -9.3419390E-01 -1.8405014E+00
00550 -1.1921430E+00 -1.9032458E+00
00551 -9.7602348E-01 -1.7847287E+00
00552 -9.6905188E-01 -1.6662115E+00
00553 -1.0108815E+00 -1.7289559E+00
00554 -1.0736258E+00 -1.7289559E+00
00555 -9.5510869E-01 -1.7498707E+00
00556 -1.0596826E+00 -1.7219843E+00
00557 -1.1293986E+00 -1.7150127E+00
00558 -1.1433418E+00 -1.8335298E+00
00559 -9.4116550E-01 -1.5267796E+00
00560 -1.0178531E+00 -1.8056434E+00
00561 -9.9693827E-01 -1.5686092E+00
00562 -1.0317963E+00 -1.5337512E+00
00563 -9.1327911E-01 -1.8335298E+00
00564 -1.0178531E+00 -1.8126150E+00
00565 -1.0666542E+00 -1.5686092E+00
00566 -1.0457394E+00 -1.6383251E+00
00567 -1.0317963E+00 -1.7986718E+00
00568 -1.1084838E+00 -1.8195866E+00
00569 -1.0039099E+00 -1.8614162E+00
00570 -9.8996667E-01 -1.8056434E+00
00571 -1.0666542E+00 -1.7638139E+00
00572 -1.0666542E+00 -1.8056434E+00
00573 -1.1293986E+00 -1.6731831E+00
00574 -1.2060862E+00 -1.6871263E+00
00575 -1.0457394E+00 -1.8195866E+00
00576 -9.7602348E-01 -1.6383251E+00
00577 -1.0736258E+00 -1.7080411E+00
00578 -1.0875690E+00 -1.6662115E+00
00579 -1.0596826E+00 -1.7498707E+00
00580 -9.5510869E-01 -1.7777571E+00
00581 -9.9693827E-01 -1.6731831E+00
00582 -1.0596826E+00 -1.6383251E+00
00583 -9.4813710E-01 -1.8056434E+00
00584 -9.8299508E-01 -1.6522683E+00
00585 -1.0178531E+00 -1.6731831E+00
00586 -1.1154554E+00 -1.5476944E+00
00587 -9.9693827E-01 -1.7428991E+00
00588 -1.0736258E+00 -1.5755808E+00
00589 -1.1293986E+00 -1.7847287E+00
00590 -9.8996667E-01 -1.6940979E+00
00591 -1.0945406E+00 -1.5337512E+00
00592 -9.4813710E-01 -1.6801547E+00
00593 -1.1712282E+00 -1.6662115E+00
00594 -1.1084838E+00 -1.9381038E+00
00595 -1.0596826E+00 -1.7917002E+00
00596 -1.0108815E+00 -1.8683878E+00
00597 -9.9693827E-01 -1.4431204E+00
00598 -1.0875690E+00 -1.6034671E+00
00599 -9.6905188E-01 -1.5476944E+00
00600 -9.7602348E-01 -1.7010695E+00
00601 -8.3659155E-01 -1.4988932E+00
00602 -1.2270009E+00 -1.5964956E+00
00603 -1.0457394E+00 -1.6174103E+00
00604 -1.1154554E+00 -1.5337512E+00
00605 -1.1433418E+00 -1.7428991E+00
00606 -9.6905188E-01 -1.7150127E+00
00607 -1.0666542E+00 -1.6940979E+00
00608 -8.5053475E-01 -1.6940979E+00
00609 -9.4116550E-01 -1.9171890E+00
00610 -1.0736258E+00 -1.7359275E+00
00611 -1.0248247E+00 -1.5267796E+00
00612 -1.1015122E+00 -1.8753594E+00
00613 -9.8299508E-01 -1.6104387E+00
00614 -1.1363702E+00 -1.4012909E+00
00615 -9.8996667E-01 -1.5198080E+00
00616 -1.1781998E+00 -1.6871263E+00
00617 -9.9693827E-01 -1.7010695E+00
00618 -9.6905188E-01 -1.8265582E+00
00619 -1.0596826E+00 -1.6522683E+00
00620 -8.9933592E-01 -1.4710068E+00
00621 -1.0317963E+00 -1.7219843E+00
00622 -9.5510869E-01 -1.7568423E+00
00623 -1.0108815E+00 -1.5198080E+00
00624 -1.0387678E+00 -1.5058648E+00
00625 -7.8779038E-01 -1.6104387E+00
00626 -1.0317963E+00 -1.4570636E+00
00627 -9.4116550E-01 -1.8056434E+00
00628 -1.0457394E+00 -1.7428991E+00
00629 -1.1433418E+00 -1.4849500E+00
00630 -9.2722231E-01 -1.7289559E+00
00631 -1.0108815E+00 -1.6731831E+00
00632 -1.0457394E+00 -1.3873477E+00
00633 -1.0527110E+00 -1.5476944E+00
00634 -1.1503134E+00 -1.4849500E+00
00635 -9.4813710E-01 -1.6034671E+00
00636 -9.2025071E-01 -1.5058648E+00
00637 -8.9236433E-01 -1.7289559E+00
00638 -9.3419390E-01 -1.6662115E+00
00639 -9.6905188E-01 -1.4431204E+00
00640 -8.8539273E-01 -1.6313535E+00
00641 -9.6208029E-01 -1.7219843E+00
00642 -9.3419390E-01 -1.5895240E+00
00643 -8.7144954E-01 -1.9311322E+00
00644 -1.1084838E+00 -1.4988932E+00
00645 -9.3419390E-01 -1.8195866E+00
00646 -1.0596826E+00 -1.5546660E+00
00647 -9.5510869E-01 -1.3385465E+00
00648 -9.4813710E-01 -1.5616376E+00
00649 -9.4116550E-01 -1.4500920E+00
00650 -1.0805974E+00 -1.4570636E+00
00651 -1.1084838E+00 -1.5686092E+00
00652 -9.4813710E-01 -1.6104387E+00
00653 -8.2264836E-01 -1.6383251E+00
00654 -1.0457394E+00 -1.4710068E+00
00655 -9.2722231E-01 -1.6313535E+00
00656 -1.1154554E+00 -1.7847287E+00
00657 -9.2025071E-01 -1.7289559E+00
00658 -9.8996667E-01 -1.5616376E+00
00659 -9.3419390E-01 -1.4919216E+00
00660 -9.2722231E-01 -1.5476944E+00
00661 -1.1293986E+00 -1.4640352E+00
00662 -1.1224270E+00 -1.6662115E+00
00663 -8.2961996E-01 -1.4988932E+00
00664 -9.6208029E-01 -1.5267796E+00
00665 -9.2025071E-01 -1.5825524E+00
00666 -1.0527110E+00 -1.6522683E+00
00667 -8.6447794E-01 -1.5337512E+00
00668 -1.0039099E+00 -1.5337512E+00
00669 -9.2025071E-01 -1.4710068E+00
00670 -8.9236433E-01 -1.4710068E+00
00671 -8.8539273E-01 -1.6452967E+00
00672 -8.8539273E-01 -1.3943193E+00
00673 -9.6905188E-01 -1.5895240E+00
00674 -1.0945406E+00 -1.4779784E+00
00675 -9.9693827E-01 -1.5128364E+00
00676 -1.0248247E+00 -1.3524897E+00
00677 -1.0596826E+00 -1.5337512E+00
00678 -9.2025071E-01 -1.4082625E+00
00679 -9.6905188E-01 -1.4919216E+00
00680 -9.5510869E-01 -1.4919216E+00
00681 -8.8539273E-01 -1.6313535E+00
00682 -9.4116550E-01 -1.5476944E+00
00683 -9.6208029E-01 -1.4919216E+00
00684 -9.8299508E-01 -1.6731831E+00
00685 -9.2025071E-01 -1.6940979E+00
00686 -9.2722231E-01 -1.6104387E+00
00687 -8.2961996E-01 -1.5407228E+00
00688 -1.0457394E+00 -1.2897453E+00
00689 -9.2722231E-01 -1.4431204E+00
00690 -8.3659155E-01 -1.6801547E+00
00691 -9.8299508E-01 -1.4710068E+00
00692 -9.9693827E-01 -1.2897453E+00
00693 -8.3659155E-01 -1.4849500E+00
00694 -8.0870517E-01 -1.4570636E+00
00695 -7.8081878E-01 -1.7568423E+00
00696 -1.0527110E+00 -1.4082625E+00
00697 -1.0387678E+00 -1.6034671E+00
00698 -8.5053475E-01 -1.5616376E+00
00699 -9.9693827E-01 -1.5546660E+00
00700 -1.0248247E+00 -1.7080411E+00
00701 -1.0178531E+00 -1.7080411E+00
00702 -8.5053475E-01 -1.6104387E+00
00703 -8.7144954E-01 -1.4291772E+00
00704 -8.4356315E-01 -1.4431204E+00
00705 -8.7144954E-01 -1.7080411E+00
00706 -1.0387678E+00 -1.4361488E+00
00707 -9.1327911E-01 -1.5267796E+00
00708 -1.0039099E+00 -1.5198080E+00
00709 -9.2722231E-01 -1.5825524E+00
00710 -1.0387678E+00 -1.4222056E+00
00711 -9.8996667E-01 -1.4222056E+00
00712 -9.8996667E-01 -1.6243819E+00
00713 -8.4356315E-01 -1.4012909E+00
00714 -9.8996667E-01 -1.4012909E+00
00715 -9.4813710E-01 -1.6383251E+00
00716 -8.2961996E-01 -1.7359275E+00
00717 -1.0945406E+00 -1.4710068E+00
00718 -8.5750634E-01 -1.4361488E+00
00719 -7.5293240E-01 -1.6592399E+00
00720 -9.3419390E-01 -1.5128364E+00
00721 -8.8539273E-01 -1.5198080E+00
00722 -9.4116550E-01 -1.6522683E+00
00723 -9.0630752E-01 -1.2618589E+00
00724 -1.0248247E+00 -1.6243819E+00
00725 -8.3659155E-01 -1.6731831E+00
00726 -7.8081878E-01 -1.4082625E+00
00727 -8.2961996E-01 -1.5337512E+00
00728 -9.6905188E-01 -1.4640352E+00
00729 -1.0039099E+00 -1.6034671E+00
00730 -9.5510869E-01 -1.4919216E+00
00731 -9.3419390E-01 -1.4291772E+00
00732 -8.8539273E-01 -1.5337512E+00
00733 -8.3659155E-01 -1.3734045E+00
00734 -8.9236433E-01 -1.5755808E+00
00735 -8.9236433E-01 -1.6940979E+00
00736 -8.7144954E-01 -1.5058648E+00
00737 -8.3659155E-01 -1.6243819E+00
00738 -9.7602348E-01 -1.1921430E+00
00739 -9.4813710E-01 -1.3036885E+00
00740 -8.2961996E-01 -1.6452967E+00
00741 -1.0387678E+00 -1.5198080E+00
00742 -9.6905188E-01 -1.3664329E+00
00743 -9.2722231E-01 -1.4570636E+00
00744 -7.9476198E-01 -1.5546660E+00
00745 -1.0457394E+00 -1.6313535E+00
00746 -9.2722231E-01 -1.7777571E+00
00747 -8.9933592E-01 -1.3734045E+00
00748 -8.5053475E-01 -1.5267796E+00
00749 -9.1327911E-01 -1.4640352E+00
00750 -9.4116550E-01 -1.5476944E+00
00751 -9.8299508E-01 -1.6940979E+00
00752 -1.0805974E+00 -1.4431204E+00
00753 -9.6208029E-01 -1.3873477E+00
00754 -9.4813710E-01 -1.6662115E+00
00755 -1.0248247E+00 -1.3455181E+00
00756 -8.9933592E-01 -1.3106601E+00
00757 -8.5750634E-01 -1.3455181E+00
00758 -8.7842113E-01 -1.4291772E+00
00759 -8.2961996E-01 -1.2967169E+00
00760 -7.3898921E-01 -1.4710068E+00
00761 -8.3659155E-01 -1.4431204E+00
00762 -8.9933592E-01 -1.4919216E+00
00763 -8.7144954E-01 -1.2827737E+00
00764 -9.5510869E-01 -1.5337512E+00
00765 -8.2264836E-01 -1.3664329E+00
00766 -9.7602348E-01 -1.3385465E+00
00767 -9.5510869E-01 -1.4919216E+00
00768 -9.8299508E-01 -1.4500920E+00
00769 -8.5053475E-01 -1.4152340E+00
00770 -9.9693827E-01 -1.3036885E+00
00771 -9.6208029E-01 -1.3664329E+00
00772 -8.0173357E-01 -1.3594613E+00
00773 -9.8299508E-01 -1.3176317E+00
00774 -7.8779038E-01 -1.5616376E+00
00775 -8.5053475E-01 -1.4431204E+00
00776 -9.3419390E-01 -1.4012909E+00
00777 -7.4596080E-01 -1.2758021E+00
00778 -8.6447794E-01 -1.2339725E+00
00779 -7.9476198E-01 -1.3664329E+00
00780 -8.4356315E-01 -1.2409441E+00
00781 -1.0108815E+00 -1.4222056E+00
00782 -6.9715963E-01 -1.3873477E+00
00783 -9.5510869E-01 -1.3385465E+00
00784 -1.0736258E+00 -1.4500920E+00
00785 -8.3659155E-01 -1.4431204E+00
00786 -9.5510869E-01 -1.2827737E+00
00787 -7.1807442E-01 -1.2897453E+00
00788 -9.1327911E-01 -1.4361488E+00
00789 -9.4116550E-01 -1.4361488E+00
00790 -8.7144954E-01 -1.3246033E+00
00791 -7.8779038E-01 -1.2339725E+00
00792 -7.6687559E-01 -1.4012909E+00
00793 -7.2504601E-01 -1.5058648E+00
00794 -7.1110282E-01 -1.4222056E+00
00795 -9.4813710E-01 -1.3873477E+00
00796 -9.2722231E-01 -1.4431204E+00
00797 -9.1327911E-01 -1.4710068E+00
00798 -8.5750634E-01 -1.3315749E+00
00799 -8.1567677E-01 -1.5128364E+00
00800 -6.8321644E-01 -1.3873477E+00
00801 -7.9476198E-01 -1.3106601E+00
00802 -7.2504601E-01 -1.3803761E+00
00803 -8.2264836E-01 -1.4570636E+00
00804 -8.9933592E-01 -1.3803761E+00
00805 -6.3441526E-01 -1.4710068E+00
00806 -8.7842113E-01 -1.4361488E+00
00807 -7.4596080E-01 -1.3385465E+00
00808 -8.7144954E-01 -1.4710068E+00
00809 -8.7842113E-01 -1.2618589E+00
00810 -8.0173357E-01 -1.3734045E+00
00811 -7.6687559E-01 -1.4082625E+00
00812 -9.2025071E-01 -1.4222056E+00
00813 -8.9933592E-01 -1.3803761E+00
00814 -7.9476198E-01 -1.2409441E+00
00815 -9.2025071E-01 -1.3594613E+00
00816 -8.6447794E-01 -1.4222056E+00
00817 -6.8321644E-01 -1.5964956E+00
00818 -9.4813710E-01 -1.4291772E+00
00819 -9.0630752E-01 -1.2479157E+00
00820 -8.7842113E-01 -1.3664329E+00
00821 -6.9018803E-01 -1.2548873E+00
00822 -8.6447794E-01 -1.3664329E+00
00823 -7.0413123E-01 -1.4152340E+00
00824 -8.2264836E-01 -1.2270009E+00
00825 -7.2504601E-01 -1.2130578E+00
00826 -9.1327911E-01 -1.1503134E+00
00827 -8.4356315E-01 -1.3315749E+00
00828 -8.6447794E-01 -1.2688305E+00
00829 -8.2264836E-01 -1.3176317E+00
00830 -8.2264836E-01 -1.2827737E+00
00831 -8.7144954E-01 -1.4012909E+00
00832 -8.7144954E-01 -1.6243819E+00
00833 -8.3659155E-01 -1.2548873E+00
00834 -8.5750634E-01 -1.4152340E+00
00835 -9.6905188E-01 -1.1503134E+00
00836 -8.7842113E-01 -1.2060862E+00
00837 -8.3659155E-01 -1.3734045E+00
00838 -8.0173357E-01 -1.3315749E+00
00839 -8.7144954E-01 -1.2200294E+00
00840 -8.3659155E-01 -1.4082625E+00
00841 -8.5750634E-01 -1.3315749E+00
00842 -9.0630752E-01 -1.2827737E+00
00843 -7.9476198E-01 -1.2758021E+00
00844 -7.8779038E-01 -1.4012909E+00
00845 -6.4138686E-01 -1.2758021E+00
00846 -8.1567677E-01 -1.3873477E+00
00847 -8.0870517E-01 -1.2967169E+00
00848 -6.4835846E-01 -1.2967169E+00
00849 -9.8996667E-01 -1.4291772E+00
00850 -7.1807442E-01 -1.3246033E+00
00851 -8.2264836E-01 -1.3664329E+00
00852 -8.4356315E-01 -1.2060862E+00
00853 -8.5053475E-01 -1.2758021E+00
00854 -7.6687559E-01 -1.4710068E+00
00855 -9.9693827E-01 -1.2270009E+00
00856 -8.7144954E-01 -1.4361488E+00
00857 -8.3659155E-01 -1.4431204E+00
00858 -7.9476198E-01 -1.3315749E+00
00859 -7.5990400E-01 -1.5407228E+00
00860 -7.1807442E-01 -1.0596826E+00
00861 -8.0173357E-01 -1.2200294E+00
00862 -6.9715963E-01 -1.2409441E+00
00863 -8.8539273E-01 -1.3315749E+00
00864 -8.6447794E-01 -1.4640352E+00
00865 -7.5293240E-01 -1.3455181E+00
00866 -7.5990400E-01 -1.5128364E+00
00867 -8.2264836E-01 -1.3524897E+00
00868 -6.9715963E-01 -1.2339725E+00
00869 -8.0173357E-01 -1.2409441E+00
00870 -8.2264836E-01 -1.1154554E+00
00871 -8.4356315E-01 -1.2270009E+00
00872 -8.0173357E-01 -1.3385465E+00
00873 -8.2264836E-01 -1.1363702E+00
00874 -8.6447794E-01 -1.3176317E+00
00875 -8.0870517E-01 -1.2827737E+00
00876 -8.3659155E-01 -1.1363702E+00
00877 -7.2504601E-01 -1.2200294E+00
00878 -6.5533005E-01 -1.2548873E+00
00879 -7.9476198E-01 -1.1084838E+00
00880 -8.5053475E-01 -1.3036885E+00
00881 -8.0173357E-01 -1.3873477E+00
00882 -7.8779038E-01 -1.2688305E+00
00883 -8.0870517E-01 -1.2967169E+00
00884 -7.3201761E-01 -1.1224270E+00
00885 -7.8081878E-01 -1.1572850E+00
00886 -7.7384719E-01 -1.3594613E+00
00887 -7.3898921E-01 -1.1015122E+00
00888 -6.4835846E-01 -1.2409441E+00
00889 -7.3201761E-01 -1.2479157E+00
00890 -8.5053475E-01 -1.2618589E+00
00891 -8.0173357E-01 -1.2618589E+00
00892 -8.5053475E-01 -1.3594613E+00
00893 -7.4596080E-01 -1.2060862E+00
00894 -8.0173357E-01 -1.1363702E+00
00895 -7.3201761E-01 -1.2967169E+00
00896 -7.3898921E-01 -1.1084838E+00
00897 -7.6687559E-01 -1.0596826E+00
00898 -8.3659155E-01 -1.1363702E+00
00899 -9.4813710E-01 -1.1642566E+00
00900 -7.3898921E-01 -1.1921430E+00
00901 -7.9476198E-01 -1.1363702E+00
00902 -8.5053475E-01 -1.3315749E+00
00903 -7.5293240E-01 -1.2270009E+00
00904 -7.8779038E-01 -1.1433418E+00
00905 -9.4116550E-01 -1.3176317E+00
00906 -7.1110282E-01 -1.1503134E+00
00907 -7.9476198E-01 -1.3455181E+00
00908 -7.2504601E-01 -1.2548873E+00
00909 -7.3201761E-01 -1.1503134E+00
00910 -7.5293240E-01 -1.1712282E+00
00911 -8.0173357E-01 -1.2758021E+00
00912 -6.8321644E-01 -1.2409441E+00
00913 -7.3898921E-01 -1.2060862E+00
00914 -7.8779038E-01 -1.3315749E+00
00915 -6.4138686E-01 -1.3873477E+00
00916 -8.0870517E-01 -1.2688305E+00
00917 -7.1807442E-01 -1.1781998E+00
00918 -7.0413123E-01 -1.1712282E+00
00919 -7.4596080E-01 -1.0178531E+00
00920 -6.0652888E-01 -1.2758021E+00
00921 -6.5533005E-01 -1.2130578E+00
00922 -6.7624484E-01 -1.0805974E+00
00923 -6.5533005E-01 -1.1084838E+00
00924 -7.0413123E-01 -1.2479157E+00
00925 -8.2961996E-01 -1.1015122E+00
00926 -8.7842113E-01 -1.2130578E+00
00927 -7.2504601E-01 -1.1293986E+00
00928 -7.0413123E-01 -1.0736258E+00
00929 -8.6447794E-01 -1.0805974E+00
00930 -7.6687559E-01 -1.1572850E+00
00931 -6.4835846E-01 -1.2270009E+00
00932 -7.3898921E-01 -1.0945406E+00
00933 -7.0413123E-01 -1.0039099E+00
00934 -6.8321644E-01 -1.2060862E+00
00935 -7.8081878E-01 -1.1851714E+00
00936 -7.1807442E-01 -1.2270009E+00
00937 -6.0652888E-01 -1.1572850E+00
00938 -6.6927324E-01 -1.0527110E+00
00939 -6.2744367E-01 -1.1921430E+00
00940 -5.7864249E-01 -1.0736258E+00
00941 -5.9258568E-01 -1.3246033E+00
00942 -7.5990400E-01 -1.2339725E+00
00943 -6.4835846E-01 -1.2060862E+00
00944 -8.7842113E-01 -9.3419390E-01
00945 -6.3441526E-01 -9.4116550E-01
00946 -7.1807442E-01 -1.2339725E+00
00947 -9.2025071E-01 -1.1712282E+00
00948 -8.0173357E-01 -1.1503134E+00
00949 -9.8996667E-01 -1.0945406E+00
00950 -8.9236433E-01 -1.2060862E+00
00951 -7.8081878E-01 -1.0875690E+00
00952 -6.6230165E-01 -1.3036885E+00
00953 -6.6927324E-01 -1.1293986E+00
00954 -5.9258568E-01 -1.0527110E+00
00955 -7.6687559E-01 -1.0945406E+00
00956 -7.3898921E-01 -1.0875690E+00
00957 -6.7624484E-01 -9.5510869E-01
00958 -7.8081878E-01 -9.6208029E-01
00959 -8.1567677E-01 -1.1293986E+00
00960 -6.1350047E-01 -1.2270009E+00
00961 -6.6927324E-01 -1.2130578E+00
00962 -7.2504601E-01 -1.2270009E+00
00963 -7.1807442E-01 -1.1642566E+00
00964 -6.1350047E-01 -1.1991146E+00
00965 -6.2047207E-01 -1.0178531E+00
00966 -7.5293240E-01 -1.1154554E+00
00967 -6.3441526E-01 -1.1781998E+00
00968 -7.9476198E-01 -1.0387678E+00
00969 -7.1807442E-01 -1.1781998E+00
00970 -7.3201761E-01 -1.1712282E+00
00971 -8.2264836E-01 -1.2200294E+00
00972 -6.9715963E-01 -9.6905188E-01
00973 -7.3898921E-01 -9.4116550E-01
00974 -7.5990400E-01 -1.0527110E+00
00975 -7.3898921E-01 -1.1363702E+00
00976 -6.6927324E-01 -8.2961996E-01
00977 -8.2264836E-01 -1.0039099E+00
00978 -7.1807442E-01 -1.2200294E+00
00979 -5.2984132E-01 -1.0039099E+00
00980 -6.6230165E-01 -1.3176317E+00
00981 -5.8561409E-01 -1.1293986E+00
00982 -7.8779038E-01 -1.1015122E+00
00983 -7.5990400E-01 -1.1084838E+00
00984 -7.0413123E-01 -1.0666542E+00
00985 -6.2744367E-01 -1.1154554E+00
00986 -7.5990400E-01 -9.8299508E-01
00987 -7.6687559E-01 -1.0805974E+00
00988 -6.2744367E-01 -9.3419390E-01
00989 -6.6927324E-01 -1.1991146E+00
00990 -4.8801174E-01 -9.8996667E-01
00991 -7.1807442E-01 -1.1433418E+00
00992 -6.7624484E-01 -1.2060862E+00
00993 -6.5533005E-01 -8.7144954E-01
00994 -6.2047207E-01 -1.1781998E+00
00995 -7.1807442E-01 -1.1781998E+00
00996 -7.4596080E-01 -9.6905188E-01
00997 -7.2504601E-01 -1.1642566E+00
00998 -6.6230165E-01 -1.1224270E+00
00999 -5.3681291E-01 -1.1851714E+00
01000 -6.7624484E-01 -1.3036885E+00
01001 -6.1350047E-01 -1.1503134E+00
01002 -7.1110282E-01 -1.1503134E+00
01003 -6.7624484E-01 -9.3419390E-01
01004 -7.3898921E-01 -9.3419390E-01
01005 -7.8779038E-01 -1.1503134E+00
01006 -5.7167090E-01 -1.1712282E+00
01007 -6.9715963E-01 -1.1084838E+00
01008 -8.1567677E-01 -1.3385465E+00
01009 -8.0173357E-01 -1.1433418E+00
01010 -7.6687559E-01 -1.0317963E+00
01011 -5.7864249E-01 -8.7842113E-01
01012 -6.5533005E-01 -9.6208029E-01
01013 -6.2047207E-01 -1.0248247E+00
01014 -7.2504601E-01 -9.0630752E-01
01015 -6.7624484E-01 -9.6905188E-01
01016 -5.2286972E-01 -1.0108815E+00
01017 -6.8321644E-01 -1.0387678E+00
01018 -4.8104014E-01 -1.0317963E+00
01019 -7.0413123E-01 -1.0039099E+00
01020 -8.5053475E-01 -1.1154554E+00
01021 -5.9955728E-01 -9.9693827E-01
01022 -6.2047207E-01 -9.7602348E-01
01023 -7.7384719E-01 -1.0736258E+00
01024 -7.3898921E-01 -1.1084838E+00
01025 -6.2047207E-01 -9.0630752E-01
01026 -7.5990400E-01 -9.9693827E-01
01027 -5.8561409E-01 -1.0945406E+00
01028 -7.3201761E-01 -1.0248247E+00
01029 -6.7624484E-01 -1.1015122E+00
01030 -6.8321644E-01 -9.4116550E-01
01031 -7.5293240E-01 -1.0596826E+00
01032 -5.3681291E-01 -9.9693827E-01
01033 -6.9018803E-01 -1.1991146E+00
01034 -5.4378451E-01 -1.1991146E+00
01035 -7.1110282E-01 -1.1851714E+00
01036 -6.9018803E-01 -9.8299508E-01
01037 -7.2504601E-01 -1.2060862E+00
01038 -5.7167090E-01 -1.0108815E+00
01039 -7.8779038E-01 -1.2618589E+00
01040 -6.2047207E-01 -9.5510869E-01
01041 -7.5293240E-01 -9.3419390E-01
01042 -7.9476198E-01 -8.7144954E-01
01043 -6.2047207E-01 -1.2827737E+00
01044 -6.8321644E-01 -1.1712282E+00
01045 -6.5533005E-01 -8.7144954E-01
01046 -6.7624484E-01 -1.0108815E+00
01047 -7.2504601E-01 -9.3419390E-01
01048 -6.8321644E-01 -9.8996667E-01
01049 -7.3201761E-01 -9.5510869E-01
01050 -6.5533005E-01 -8.6447794E-01
01051 -5.4378451E-01 -9.4813710E-01
01052 -7.5293240E-01 -1.1363702E+00
01053 -6.2744367E-01 -1.0248247E+00
01054 -6.6230165E-01 -9.9693827E-01
01055 -7.6687559E-01 -8.5053475E-01
01056 -6.2744367E-01 -9.5510869E-01
01057 -6.7624484E-01 -1.1503134E+00
01058 -7.6687559E-01 -9.3419390E-01
01059 -5.7167090E-01 -1.1991146E+00
01060 -7.2504601E-01 -1.1154554E+00
01061 -6.4835846E-01 -8.5750634E-01
01062 -6.2744367E-01 -1.0527110E+00
01063 -6.2047207E-01 -1.1015122E+00
01064 -6.4138686E-01 -9.1327911E-01
01065 -5.9258568E-01 -9.6208029E-01
01066 -6.2744367E-01 -1.1084838E+00
01067 -7.5990400E-01 -1.1642566E+00
01068 -7.1807442E-01 -1.0736258E+00
01069 -6.7624484E-01 -9.6905188E-01
01070 -6.3441526E-01 -1.0736258E+00
01071 -6.9715963E-01 -9.2722231E-01
01072 -4.9498334E-01 -9.2722231E-01
01073 -7.1110282E-01 -7.9476198E-01
01074 -5.9955728E-01 -8.0173357E-01
01075 -6.5533005E-01 -9.7602348E-01
01076 -6.2744367E-01 -1.0945406E+00
01077 -6.8321644E-01 -8.8539273E-01
01078 -6.1350047E-01 -1.0387678E+00
01079 -7.0413123E-01 -1.1293986E+00
01080 -7.1807442E-01 -9.5510869E-01
01081 -7.1807442E-01 -9.3419390E-01
01082 -5.9955728E-01 -1.1572850E+00
01083 -7.0413123E-01 -9.5510869E-01
01084 -5.5075611E-01 -9.4116550E-01
01085 -6.3441526E-01 -9.7602348E-01
01086 -6.2047207E-01 -9.5510869E-01
01087 -8.0173357E-01 -9.9693827E-01
01088 -5.6469930E-01 -9.9693827E-01
01089 -7.8081878E-01 -9.9693827E-01
01090 -5.9258568E-01 -9.4116550E-01
01091 -7.5293240E-01 -1.0039099E+00
01092 -7.0413123E-01 -9.8299508E-01
01093 -5.5075611E-01 -8.2961996E-01
01094 -6.9018803E-01 -1.0945406E+00
01095 -5.4378451E-01 -8.8539273E-01
01096 -5.9258568E-01 -8.0173357E-01
01097 -6.7624484E-01 -8.9933592E-01
01098 -6.1350047E-01 -8.7144954E-01
01099 -5.9955728E-01 -9.6208029E-01
01100 -7.5293240E-01 -8.5750634E-01
01101 -6.8321644E-01 -9.6208029E-01
01102 -6.6230165E-01 -1.0805974E+00
01103 -5.7864249E-01 -8.4356315E-01
01104 -6.2744367E-01 -7.5293240E-01
01105 -6.0652888E-01 -8.6447794E-01
01106 -5.5772770E-01 -1.0527110E+00
01107 -5.9955728E-01 -1.0387678E+00
01108 -5.7864249E-01 -9.0630752E-01
01109 -6.2744367E-01 -1.0317963E+00
01110 -5.0892653E-01 -9.8996667E-01
01111 -5.9955728E-01 -6.9018803E-01
01112 -5.9258568E-01 -6.8321644E-01
01113 -5.9955728E-01 -8.5053475E-01
01114 -6.6230165E-01 -9.4813710E-01
01115 -5.5772770E-01 -9.4813710E-01
01116 -5.7167090E-01 -9.1327911E-01
01117 -7.1807442E-01 -8.6447794E-01
01118 -6.1350047E-01 -1.0666542E+00
01119 -4.8801174E-01 -9.0630752E-01
01120 -6.9018803E-01 -1.0178531E+00
01121 -7.3898921E-01 -1.0178531E+00
01122 -4.2526737E-01 -8.6447794E-01
01123 -6.4138686E-01 -8.9933592E-01
01124 -6.4835846E-01 -1.0317963E+00
01125 -6.0652888E-01 -1.0875690E+00
01126 -6.9715963E-01 -1.0805974E+00
01127 -6.3441526E-01 -9.1327911E-01
01128 -4.2526737E-01 -8.5053475E-01
01129 -6.3441526E-01 -1.0666542E+00
01130 -4.8104014E-01 -8.7842113E-01
01131 -6.5533005E-01 -9.1327911E-01
01132 -6.9018803E-01 -9.4813710E-01
01133 -7.1807442E-01 -9.2722231E-01
01134 -7.2504601E-01 -9.6905188E-01
01135 -5.8561409E-01 -1.0039099E+00
01136 -5.9955728E-01 -8.6447794E-01
01137 -6.3441526E-01 -9.6905188E-01
01138 -4.8104014E-01 -8.1567677E-01
01139 -4.9498334E-01 -1.0317963E+00
01140 -5.6469930E-01 -7.4596080E-01
01141 -5.7167090E-01 -1.0945406E+00
01142 -6.1350047E-01 -7.7384719E-01
01143 -5.3681291E-01 -9.8299508E-01
01144 -8.2961996E-01 -9.8996667E-01
01145 -6.4835846E-01 -7.6687559E-01
01146 -6.4138686E-01 -8.5750634E-01
01147 -5.9955728E-01 -8.5750634E-01
01148 -6.2047207E-01 -8.9236433E-01
01149 -6.0652888E-01 -8.8539273E-01
01150 -6.0652888E-01 -8.5053475E-01
01151 -5.0892653E-01 -7.1110282E-01
01152 -4.8801174E-01 -7.8779038E-01
01153 -4.8801174E-01 -9.7602348E-01
01154 -6.4835846E-01 -7.5990400E-01
01155 -7.5990400E-01 -8.3659155E-01
01156 -6.3441526E-01 -7.3201761E-01
01157 -5.2984132E-01 -8.5750634E-01
01158 -5.7864249E-01 -8.8539273E-01
01159 -6.7624484E-01 -1.0108815E+00
01160 -6.8321644E-01 -7.3201761E-01
01161 -5.8561409E-01 -8.7144954E-01
01162 -5.7167090E-01 -7.6687559E-01
01163 -5.7167090E-01 -8.0173357E-01
01164 -5.2286972E-01 -8.8539273E-01
01165 -5.0195493E-01 -8.8539273E-01
01166 -6.6230165E-01 -1.0596826E+00
01167 -5.3681291E-01 -6.7624484E-01
01168 -6.7624484E-01 -1.0039099E+00
01169 -6.4138686E-01 -1.0805974E+00
01170 -5.9258568E-01 -6.7624484E-01
01171 -4.9498334E-01 -8.5750634E-01
01172 -5.4378451E-01 -9.6208029E-01
01173 -5.7167090E-01 -8.6447794E-01
01174 -6.0652888E-01 -9.4116550E-01
01175 -5.5772770E-01 -7.8779038E-01
01176 -5.2984132E-01 -1.0108815E+00
01177 -5.7167090E-01 -6.2744367E-01
01178 -6.1350047E-01 -1.0387678E+00
01179 -5.7167090E-01 -8.5750634E-01
01180 -6.2047207E-01 -9.6208029E-01
01181 -6.2047207E-01 -8.2264836E-01
01182 -5.5075611E-01 -9.6208029E-01
01183 -7.3201761E-01 -7.7384719E-01
01184 -5.8561409E-01 -8.5053475E-01
01185 -6.1350047E-01 -1.1712282E+00
01186 -6.8321644E-01 -9.4813710E-01
01187 -6.1350047E-01 -6.6230165E-01
01188 -6.4138686E-01 -9.3419390E-01
01189 -5.1589813E-01 -8.9236433E-01
01190 -6.3441526E-01 -9.3419390E-01
01191 -6.2744367E-01 -8.8539273E-01
01192 -6.3441526E-01 -7.6687559E-01
01193 -4.6709695E-01 -9.0630752E-01
01194 -6.2047207E-01 -8.9236433E-01
01195 -5.0195493E-01 -8.7144954E-01
01196 -7.6687559E-01 -7.5990400E-01
01197 -5.6469930E-01 -5.3681291E-01
01198 -5.7167090E-01 -8.9933592E-01
01199 -5.2984132E-01 -8.5053475E-01
01200 -4.2526737E-01 -6.9715963E-01
01201 -6.0652888E-01 -1.0457394E+00
01202 -7.3898921E-01 -6.9715963E-01
01203 -4.4618216E-01 -8.7144954E-01
01204 -6.1350047E-01 -9.2025071E-01
01205 -5.9955728E-01 -7.3201761E-01
01206 -4.8801174E-01 -8.0870517E-01
01207 -5.9955728E-01 -9.3419390E-01
01208 -6.0652888E-01 -6.0652888E-01
01209 -4.2526737E-01 -8.0173357E-01
01210 -4.9498334E-01 -8.8539273E-01
01211 -6.2047207E-01 -9.1327911E-01
01212 -7.6687559E-01 -8.6447794E-01
01213 -5.5075611E-01 -6.6927324E-01
01214 -4.5315376E-01 -7.6687559E-01
01215 -5.8561409E-01 -4.6709695E-01
01216 -5.4378451E-01 -7.6687559E-01
01217 -5.9955728E-01 -7.9476198E-01
01218 -5.2286972E-01 -4.4618216E-01
01219 -5.0892653E-01 -8.9933592E-01
01220 -5.4378451E-01 -1.0108815E+00
01221 -5.9258568E-01 -7.8779038E-01
01222 -6.5533005E-01 -7.5990400E-01
01223 -4.7406855E-01 -9.1327911E-01
01224 -4.8801174E-01 -5.5075611E-01
01225 -5.0195493E-01 -7.4596080E-01
01226 -6.2047207E-01 -9.8299508E-01
01227 -5.0195493E-01 -8.2961996E-01
01228 -5.6469930E-01 -8.9236433E-01
01229 -6.4835846E-01 -1.0248247E+00
01230 -5.9258568E-01 -8.0870517E-01
01231 -4.3223897E-01 -8.0870517E-01
01232 -5.5772770E-01 -9.3419390E-01
01233 -5.4378451E-01 -7.1110282E-01
01234 -5.9258568E-01 -7.6687559E-01
01235 -5.5772770E-01 -7.4596080E-01
01236 -4.4618216E-01 -8.4356315E-01
01237 -5.0892653E-01 -1.0527110E+00
01238 -4.2526737E-01 -9.6905188E-01
01239 -5.1589813E-01 -7.6687559E-01
01240 -5.6469930E-01 -7.0413123E-01
01241 -5.7167090E-01 -8.0870517E-01
01242 -5.0195493E-01 -9.4813710E-01
01243 -3.6252301E-01 -7.3898921E-01
01244 -6.4138686E-01 -8.7144954E-01
01245 -6.9715963E-01 -6.8321644E-01
01246 -4.7406855E-01 -7.3898921E-01
01247 -4.2526737E-01 -7.1807442E-01
01248 -4.3921057E-01 -7.6687559E-01
01249 -5.1589813E-01 -7.2504601E-01
01250 -6.4835846E-01 -8.9236433E-01
01251 -5.3681291E-01 -7.6687559E-01
01252 -4.5315376E-01 -7.9476198E-01
01253 -5.5075611E-01 -6.8321644E-01
01254 -5.2984132E-01 -7.2504601E-01
01255 -5.2286972E-01 -8.0173357E-01
01256 -4.3921057E-01 -8.3659155E-01
01257 -4.7406855E-01 -6.8321644E-01
01258 -5.6469930E-01 -7.7384719E-01
01259 -6.6927324E-01 -7.8779038E-01
01260 -5.0195493E-01 -7.8081878E-01
01261 -5.3681291E-01 -7.7384719E-01
01262 -6.2047207E-01 -9.2722231E-01
01263 -5.6469930E-01 -8.7144954E-01
01264 -5.0892653E-01 -7.4596080E-01
01265 -4.9498334E-01 -7.2504601E-01
01266 -5.3681291E-01 -8.6447794E-01
01267 -5.9258568E-01 -6.0652888E-01
01268 -5.5075611E-01 -6.3441526E-01
01269 -5.5772770E-01 -7.9476198E-01
01270 -5.3681291E-01 -8.9933592E-01
01271 -6.0652888E-01 -6.9715963E-01
01272 -5.3681291E-01 -9.8299508E-01
01273 -5.1589813E-01 -8.5750634E-01
01274 -4.5315376E-01 -8.2961996E-01
01275 -6.4835846E-01 -7.2504601E-01
01276 -6.1350047E-01 -7.3201761E-01
01277 -5.7864249E-01 -6.9018803E-01
01278 -5.1589813E-01 -7.1110282E-01
01279 -5.3681291E-01 -6.1350047E-01
01280 -4.5315376E-01 -7.2504601E-01
01281 -6.4138686E-01 -7.6687559E-01
01282 -4.6012536E-01 -6.7624484E-01
01283 -6.1350047E-01 -8.2961996E-01
01284 -4.8104014E-01 -9.0630752E-01
01285 -4.7406855E-01 -8.1567677E-01
01286 -4.4618216E-01 -8.0173357E-01
01287 -4.6709695E-01 -7.1110282E-01
01288 -4.6012536E-01 -7.1807442E-01
01289 -5.7864249E-01 -7.0413123E-01
01290 -6.4835846E-01 -5.7864249E-01
01291 -4.5315376E-01 -6.5533005E-01
01292 -6.0652888E-01 -8.7144954E-01
01293 -6.1350047E-01 -8.7842113E-01
01294 -5.2286972E-01 -7.5990400E-01
01295 -5.3681291E-01 -1.0596826E+00
01296 -5.7167090E-01 -8.2961996E-01
01297 -5.0195493E-01 -8.6447794E-01
01298 -5.5772770E-01 -7.3898921E-01
01299 -5.3681291E-01 -8.0870517E-01
01300 -5.7864249E-01 -8.2264836E-01
01301 -5.7864249E-01 -8.5750634E-01
01302 -5.0892653E-01 -6.1350047E-01
01303 -5.0892653E-01 -6.9715963E-01
01304 -5.3681291E-01 -6.6230165E-01
01305 -5.5075611E-01 -7.6687559E-01
01306 -6.0652888E-01 -8.5053475E-01
01307 -4.2526737E-01 -7.3898921E-01
01308 -4.6012536E-01 -8.8539273E-01
01309 -6.4835846E-01 -6.6927324E-01
01310 -4.8104014E-01 -6.4138686E-01
01311 -5.4378451E-01 -7.5990400E-01
01312 -6.6927324E-01 -7.5990400E-01
01313 -6.0652888E-01 -6.2744367E-01
01314 -5.8561409E-01 -7.1110282E-01
01315 -4.6012536E-01 -6.0652888E-01
01316 -4.6709695E-01 -5.0195493E-01
01317 -5.2286972E-01 -7.4596080E-01
01318 -5.4378451E-01 -5.2984132E-01
01319 -5.4378451E-01 -7.1807442E-01
01320 -4.8104014E-01 -7.3201761E-01
01321 -5.7864249E-01 -9.6208029E-01
01322 -4.5315376E-01 -6.4835846E-01
01323 -4.5315376E-01 -8.4356315E-01
01324 -4.9498334E-01 -6.2047207E-01
01325 -5.2984132E-01 -7.2504601E-01
01326 -5.1589813E-01 -8.1567677E-01
01327 -6.6927324E-01 -7.6687559E-01
01328 -3.6949460E-01 -3.6949460E-01
01329 -5.2286972E-01 -7.1110282E-01
01330 -5.6469930E-01 -7.6687559E-01
01331 -4.6709695E-01 -9.6208029E-01
01332 -4.2526737E-01 -6.4835846E-01
01333 -4.2526737E-01 -6.0652888E-01
01334 -5.1589813E-01 -5.7167090E-01
01335 -4.5315376E-01 -6.2744367E-01
01336 -4.2526737E-01 -7.3898921E-01
01337 -5.1589813E-01 -8.5750634E-01
01338 -6.1350047E-01 -8.0173357E-01
01339 -4.7406855E-01 -7.5293240E-01
01340 -5.6469930E-01 -6.2744367E-01
01341 -5.2286972E-01 -6.3441526E-01
01342 -4.9498334E-01 -8.0173357E-01
01343 -5.4378451E-01 -5.9955728E-01
01344 -6.6230165E-01 -7.7384719E-01
01345 -5.9258568E-01 -8.5750634E-01
01346 -5.2286972E-01 -5.1589813E-01
01347 -4.8801174E-01 -7.3201761E-01
01348 -5.9258568E-01 -8.8539273E-01
01349 -6.3441526E-01 -6.3441526E-01
01350 -5.7864249E-01 -6.8321644E-01
01351 -6.2047207E-01 -5.9955728E-01
01352 -3.4160822E-01 -7.9476198E-01
01353 -5.5075611E-01 -8.3659155E-01
01354 -5.9955728E-01 -6.9715963E-01
01355 -5.2984132E-01 -4.8801174E-01
01356 -6.4138686E-01 -5.9955728E-01
01357 -6.0652888E-01 -7.4596080E-01
01358 -5.5075611E-01 -6.2744367E-01
01359 -3.9040939E-01 -7.7384719E-01
01360 -4.0435258E-01 -6.9715963E-01
01361 -5.8561409E-01 -7.2504601E-01
01362 -4.4618216E-01 -8.1567677E-01
01363 -5.9258568E-01 -6.9018803E-01
01364 -7.8081878E-01 -8.1567677E-01
01365 -5.0892653E-01 -6.9715963E-01
01366 -5.7864249E-01 -7.5990400E-01
01367 -3.9738099E-01 -5.6469930E-01
01368 -3.2766503E-01 -6.0652888E-01
01369 -4.9498334E-01 -6.6230165E-01
01370 -4.0435258E-01 -7.6687559E-01
01371 -4.1132418E-01 -6.4835846E-01
01372 -5.0892653E-01 -7.6687559E-01
01373 -4.3921057E-01 -6.3441526E-01
01374 -5.4378451E-01 -8.4356315E-01
01375 -6.2047207E-01 -6.6230165E-01
01376 -4.4618216E-01 -8.3659155E-01
01377 -3.4160822E-01 -4.3921057E-01
01378 -6.8321644E-01 -7.5990400E-01
01379 -5.2286972E-01 -6.4835846E-01
01380 -5.3681291E-01 -6.9715963E-01
01381 -4.6012536E-01 -5.5772770E-01
01382 -3.4857981E-01 -7.6687559E-01
01383 -3.7646620E-01 -8.1567677E-01
01384 -5.9955728E-01 -8.6447794E-01
01385 -4.0435258E-01 -5.8561409E-01
01386 -4.1829578E-01 -8.2264836E-01
01387 -4.4618216E-01 -7.8779038E-01
01388 -5.4378451E-01 -6.6927324E-01
01389 -5.7864249E-01 -7.1807442E-01
01390 -6.4835846E-01 -5.7167090E-01
01391 -4.8104014E-01 -5.7167090E-01
01392 -4.2526737E-01 -5.4378451E-01
01393 -5.9955728E-01 -5.9955728E-01
01394 -5.3681291E-01 -6.4138686E-01
01395 -4.1829578E-01 -6.2744367E-01
01396 -5.0892653E-01 -8.3659155E-01
01397 -4.7406855E-01 -5.1589813E-01
01398 -2.9977864E-01 -5.7864249E-01
01399 -3.9040939E-01 -5.3681291E-01
01400 -4.8104014E-01 -6.7624484E-01
01401 -5.4378451E-01 -7.0413123E-01
01402 -4.6709695E-01 -5.7167090E-01
01403 -4.3921057E-01 -5.6469930E-01
01404 -4.8801174E-01 -8.5053475E-01
01405 -4.2526737E-01 -6.2744367E-01
01406 -3.5555141E-01 -6.8321644E-01
01407 -5.1589813E-01 -8.7842113E-01
01408 -4.9498334E-01 -5.7864249E-01
01409 -3.9040939E-01 -7.6687559E-01
01410 -4.8104014E-01 -4.8104014E-01
01411 -5.5772770E-01 -4.5315376E-01
01412 -5.4378451E-01 -5.0195493E-01
01413 -4.6012536E-01 -6.2744367E-01
01414 -4.9498334E-01 -7.3898921E-01
01415 -4.2526737E-01 -7.4596080E-01
01416 -4.3223897E-01 -6.4138686E-01
01417 -4.5315376E-01 -9.8996667E-01
01418 -4.6012536E-01 -6.3441526E-01
01419 -4.9498334E-01 -5.7864249E-01
01420 -4.6709695E-01 -3.6949460E-01
01421 -4.9498334E-01 -7.2504601E-01
01422 -4.8104014E-01 -3.6252301E-01
01423 -4.2526737E-01 -5.3681291E-01
01424 -5.5075611E-01 -7.5293240E-01
01425 -3.2766503E-01 -6.0652888E-01
01426 -4.5315376E-01 -5.6469930E-01
01427 -4.1829578E-01 -6.1350047E-01
01428 -4.7406855E-01 -6.7624484E-01
01429 -3.9738099E-01 -4.5315376E-01
01430 -4.8801174E-01 -4.6709695E-01
01431 -5.1589813E-01 -6.0652888E-01
01432 -5.7167090E-01 -4.8104014E-01
01433 -5.2286972E-01 -8.2264836E-01
01434 -4.0435258E-01 -7.8081878E-01
01435 -6.0652888E-01 -6.9715963E-01
01436 -4.3223897E-01 -6.1350047E-01
01437 -4.4618216E-01 -5.2984132E-01
01438 -5.0892653E-01 -6.0652888E-01
01439 -5.7864249E-01 -6.7624484E-01
01440 -4.4618216E-01 -3.8343780E-01
01441 -4.9498334E-01 -5.3681291E-01
01442 -2.9280704E-01 -4.4618216E-01
01443 -5.5772770E-01 -6.3441526E-01
01444 -4.9498334E-01 -6.5533005E-01
01445 -4.6012536E-01 -5.7167090E-01
01446 -4.1829578E-01 -8.2961996E-01
01447 -3.6252301E-01 -5.6469930E-01
01448 -4.3921057E-01 -3.4160822E-01
01449 -4.6012536E-01 -6.5533005E-01
01450 -4.5315376E-01 -7.7384719E-01
01451 -4.6709695E-01 -6.2047207E-01
01452 -5.8561409E-01 -5.8561409E-01
01453 -5.9258568E-01 -6.6230165E-01
01454 -5.1589813E-01 -7.1110282E-01
01455 -3.4857981E-01 -6.0652888E-01
01456 -4.3223897E-01 -6.8321644E-01
01457 -4.6709695E-01 -4.8801174E-01
01458 -4.3223897E-01 -5.9955728E-01
01459 -4.3921057E-01 -7.1807442E-01
01460 -2.9977864E-01 -3.2069343E-01
01461 -4.5315376E-01 -5.4378451E-01
01462 -4.6012536E-01 -5.8561409E-01
01463 -5.5772770E-01 -5.2286972E-01
01464 -4.8104014E-01 -6.1350047E-01
01465 -4.3223897E-01 -7.1807442E-01
01466 -4.0435258E-01 -6.8321644E-01
01467 -5.6469930E-01 -5.2984132E-01
01468 -3.6252301E-01 -7.3201761E-01
01469 -4.2526737E-01 -6.4138686E-01
01470 -4.7406855E-01 -7.5990400E-01
01471 -6.4138686E-01 -5.8561409E-01
01472 -4.7406855E-01 -5.7864249E-01
01473 -4.5315376E-01 -5.1589813E-01
01474 -4.3921057E-01 -5.0195493E-01
01475 -4.6012536E-01 -5.9955728E-01
01476 -4.4618216E-01 -5.3681291E-01
01477 -4.8801174E-01 -7.2504601E-01
01478 -3.8343780E-01 -5.9258568E-01
01479 -3.0675024E-01 -5.2984132E-01
01480 -4.0435258E-01 -5.0892653E-01
01481 -4.8801174E-01 -7.6687559E-01
01482 -2.7886385E-01 -5.4378451E-01
01483 -4.1132418E-01 -6.3441526E-01
01484 -6.4138686E-01 -6.4138686E-01
01485 -4.7406855E-01 -6.4835846E-01
01486 -5.6469930E-01 -6.5533005E-01
01487 -4.1132418E-01 -6.2047207E-01
01488 -4.5315376E-01 -5.4378451E-01
01489 -5.5772770E-01 -5.7864249E-01
01490 -5.8561409E-01 -6.2744367E-01
01491 -4.1829578E-01 -4.1132418E-01
01492 -5.7167090E-01 -5.9955728E-01
01493 -5.6469930E-01 -6.7624484E-01
01494 -4.8104014E-01 -4.8104014E-01
01495 -5.1589813E-01 -3.9040939E-01
01496 -5.5075611E-01 -4.6709695E-01
01497 -4.6012536E-01 -6.4138686E-01
01498 -4.2526737E-01 -7.1110282E-01
01499 -5.5075611E-01 -5.8561409E-01
01500 -4.1829578E-01 -5.2286972E-01
01501 -4.8104014E-01 -5.6469930E-01
01502 -4.6012536E-01 -5.1589813E-01
01503 -3.4160822E-01 -6.9715963E-01
01504 -4.8104014E-01 -6.4138686E-01
01505 -4.0435258E-01 -6.8321644E-01
01506 -4.0435258E-01 -5.7864249E-01
01507 -4.3223897E-01 -3.6949460E-01
01508 -4.1829578E-01 -5.9258568E-01
01509 -4.4618216E-01 -6.2047207E-01
01510 -5.2286972E-01 -5.0892653E-01
01511 -5.0892653E-01 -7.1807442E-01
01512 -4.7406855E-01 -5.8561409E-01
01513 -4.6012536E-01 -6.4138686E-01
01514 -3.2069343E-01 -3.1372183E-01
01515 -5.2286972E-01 -5.2984132E-01
01516 -3.9040939E-01 -3.4857981E-01
01517 -4.8104014E-01 -6.5533005E-01
01518 -5.0195493E-01 -5.1589813E-01
01519 -3.4160822E-01 -7.2504601E-01
01520 -5.2984132E-01 -6.9018803E-01
01521 -3.2766503E-01 -6.2744367E-01
01522 -4.2526737E-01 -5.2984132E-01
01523 -5.0195493E-01 -4.1829578E-01
01524 -3.8343780E-01 -5.1589813E-01
01525 -5.0892653E-01 -6.7624484E-01
01526 -4.7406855E-01 -5.8561409E-01
01527 -4.6012536E-01 -7.1807442E-01
01528 -5.5075611E-01 -5.5772770E-01
01529 -4.2526737E-01 -5.3681291E-01
01530 -5.5075611E-01 -6.9018803E-01
01531 -5.2286972E-01 -4.1132418E-01
01532 -4.9498334E-01 -4.8104014E-01
01533 -5.1589813E-01 -6.1350047E-01
01534 -6.4835846E-01 -4.0435258E-01
01535 -3.8343780E-01 -4.6709695E-01
01536 -5.5772770E-01 -7.5293240E-01
01537 -5.5772770E-01 -4.6012536E-01
01538 -4.9498334E-01 -6.2744367E-01
01539 -4.4618216E-01 -4.1132418E-01
01540 -3.2766503E-01 -5.0195493E-01
01541 -4.2526737E-01 -5.7167090E-01
01542 -4.4618216E-01 -8.2264836E-01
01543 -4.9498334E-01 -6.8321644E-01
01544 -3.3463662E-01 -4.3223897E-01
01545 -4.8801174E-01 -5.2984132E-01
01546 -4.9498334E-01 -3.6949460E-01
01547 -4.3223897E-01 -5.3681291E-01
01548 -5.8561409E-01 -6.8321644E-01
01549 -4.3921057E-01 -3.6949460E-01
01550 -3.2069343E-01 -5.4378451E-01
01551 -5.2286972E-01 -5.8561409E-01
01552 -4.3223897E-01 -5.9258568E-01
01553 -3.3463662E-01 -6.2047207E-01
01554 -4.0435258E-01 -6.0652888E-01
01555 -5.0892653E-01 -6.6230165E-01
01556 -3.7646620E-01 -3.6252301E-01
01557 -4.4618216E-01 -6.9715963E-01
01558 -4.8801174E-01 -4.0435258E-01
01559 -5.5772770E-01 -4.4618216E-01
01560 -2.7886385E-01 -6.7624484E-01
01561 -4.7406855E-01 -4.2526737E-01
01562 -4.3223897E-01 -5.8561409E-01
01563 -4.9498334E-01 -4.0435258E-01
01564 -3.2069343E-01 -4.2526737E-01
01565 -4.6012536E-01 -4.1132418E-01
01566 -4.5315376E-01 -5.0195493E-01
01567 -4.5315376E-01 -6.4835846E-01
01568 -4.8801174E-01 -5.1589813E-01
01569 -4.1829578E-01 -6.8321644E-01
01570 -3.8343780E-01 -5.8561409E-01
01571 -3.8343780E-01 -5.2286972E-01
01572 -3.3463662E-01 -4.1132418E-01
01573 -5.4378451E-01 -4.8104014E-01
01574 -5.3681291E-01 -6.9018803E-01
01575 -3.2766503E-01 -5.0892653E-01
01576 -3.8343780E-01 -7.2504601E-01
01577 -3.9040939E-01 -5.3681291E-01
01578 -4.6012536E-01 -6.7624484E-01
01579 -4.8104014E-01 -5.2286972E-01
01580 -4.0435258E-01 -4.7406855E-01
01581 -3.4857981E-01 -4.6709695E-01
01582 -4.0435258E-01 -6.1350047E-01
01583 -4.1829578E-01 -3.6949460E-01
01584 -4.3223897E-01 -3.1372183E-01
01585 -4.2526737E-01 -5.1589813E-01
01586 -4.1132418E-01 -5.9258568E-01
01587 -4.2526737E-01 -4.8104014E-01
01588 -3.8343780E-01 -8.0870517E-01
01589 -3.9040939E-01 -3.4857981E-01
01590 -4.4618216E-01 -5.1589813E-01
01591 -4.4618216E-01 -4.2526737E-01
01592 -3.2766503E-01 -5.5075611E-01
01593 -4.6012536E-01 -4.1132418E-01
01594 -4.9498334E-01 -5.9955728E-01
01595 -3.8343780E-01 -5.7864249E-01
01596 -3.4857981E-01 -4.6012536E-01
01597 -3.2766503E-01 -5.2984132E-01
01598 -5.2984132E-01 -4.7406855E-01
01599 -2.5097747E-01 -5.1589813E-01
01600 -3.0675024E-01 -4.1829578E-01
01601 -4.7406855E-01 -5.7167090E-01
01602 -4.2526737E-01 -2.7886385E-01
01603 -4.1132418E-01 -3.5555141E-01
01604 -3.5555141E-01 -5.7167090E-01
01605 -3.6949460E-01 -5.7167090E-01
01606 -2.3703427E-01 -4.8801174E-01
01607 -4.8104014E-01 -4.5315376E-01
01608 -4.1132418E-01 -3.8343780E-01
01609 -4.3223897E-01 -5.0892653E-01
01610 -4.8104014E-01 -6.9018803E-01
01611 -5.2984132E-01 -6.9018803E-01
01612 -3.4160822E-01 -3.5555141E-01
01613 -3.8343780E-01 -5.0195493E-01
01614 -3.9738099E-01 -4.1829578E-01
01615 -2.5097747E-01 -5.0892653E-01
01616 -3.6949460E-01 -6.0652888E-01
01617 -4.8104014E-01 -4.6012536E-01
01618 -4.0435258E-01 -5.8561409E-01
01619 -4.5315376E-01 -6.4835846E-01
01620 -4.4618216E-01 -3.4160822E-01
01621 -3.9040939E-01 -4.2526737E-01
01622 -3.9040939E-01 -4.8104014E-01
01623 -4.3223897E-01 -5.5772770E-01
01624 -4.8801174E-01 -4.6012536E-01
01625 -3.1372183E-01 -6.9018803E-01
01626 -4.8104014E-01 -6.4138686E-01
01627 -4.3921057E-01 -4.1132418E-01
01628 -4.2526737E-01 -6.2744367E-01
01629 -3.5555141E-01 -4.1829578E-01
01630 -4.0435258E-01 -3.1372183E-01
01631 -5.2286972E-01 -5.0195493E-01
01632 -3.6252301E-01 -4.2526737E-01
01633 -3.7646620E-01 -4.3921057E-01
01634 -4.9498334E-01 -6.9018803E-01
01635 -3.3463662E-01 -4.7406855E-01
01636 -4.4618216E-01 -2.5794906E-01
01637 -2.9280704E-01 -3.6949460E-01
01638 -4.9498334E-01 -5.2286972E-01
01639 -3.2766503E-01 -4.8801174E-01
01640 -4.1829578E-01 -4.6012536E-01
01641 -3.6949460E-01 -4.0435258E-01
01642 -3.9738099E-01 -6.0652888E-01
01643 -5.4378451E-01 -6.0652888E-01
01644 -5.3681291E-01 -4.2526737E-01
01645 -5.5772770E-01 -7.2504601E-01
01646 -3.7646620E-01 -6.0652888E-01
01647 -4.1829578E-01 -4.8104014E-01
01648 -4.0435258E-01 -4.1132418E-01
01649 -4.5315376E-01 -3.9040939E-01
01650 -4.6012536E-01 -5.3681291E-01
01651 -5.4378451E-01 -4.3223897E-01
01652 -5.0892653E-01 -4.6709695E-01
01653 -4.6709695E-01 -4.7406855E-01
01654 -4.3921057E-01 -5.2984132E-01
01655 -3.7646620E-01 -5.5772770E-01
01656 -5.1589813E-01 -4.7406855E-01
01657 -2.9977864E-01 -4.2526737E-01
01658 -4.5315376E-01 -4.8801174E-01
01659 -3.5555141E-01 -4.6012536E-01
01660 -3.9040939E-01 -6.9018803E-01
01661 -3.6252301E-01 -4.6709695E-01
01662 -4.0435258E-01 -6.1350047E-01
01663 -3.2766503E-01 -4.1829578E-01
01664 -4.7406855E-01 -5.9258568E-01
01665 -4.1132418E-01 -5.2286972E-01
01666 -2.9280704E-01 -5.6469930E-01
01667 -4.7406855E-01 -5.7864249E-01
01668 -3.5555141E-01 -3.0675024E-01
01669 -3.2766503E-01 -4.0435258E-01
01670 -4.6012536E-01 -5.4378451E-01
01671 -3.7646620E-01 -3.2069343E-01
01672 -5.2984132E-01 -4.1829578E-01
01673 -3.4160822E-01 -4.1829578E-01
01674 -4.5315376E-01 -5.0195493E-01
01675 -4.3921057E-01 -4.3921057E-01
01676 -3.1372183E-01 -5.0195493E-01
01677 -3.7646620E-01 -3.2069343E-01
01678 -3.6252301E-01 -6.8321644E-01
01679 -4.2526737E-01 -2.7886385E-01
01680 -4.1829578E-01 -7.2504601E-01
01681 -4.0435258E-01 -5.7167090E-01
01682 -4.6012536E-01 -5.2984132E-01
01683 -3.6252301E-01 -4.1132418E-01
01684 -4.1132418E-01 -5.3681291E-01
01685 -2.9977864E-01 -4.6709695E-01
01686 -4.7406855E-01 -4.8801174E-01
01687 -3.2069343E-01 -5.0892653E-01
01688 -4.2526737E-01 -1.8126150E-01
01689 -3.9040939E-01 -4.6012536E-01
01690 -4.3223897E-01 -5.0195493E-01
01691 -3.3463662E-01 -3.3463662E-01
01692 -4.8801174E-01 -4.8801174E-01
01693 -3.2069343E-01 -3.7646620E-01
01694 -4.3223897E-01 -4.1829578E-01
01695 -4.1132418E-01 -5.5772770E-01
01696 -2.8583545E-01 -4.2526737E-01
01697 -2.9977864E-01 -4.8104014E-01
01698 -3.9040939E-01 -5.5075611E-01
01699 -4.4618216E-01 -5.0195493E-01
01700 -4.1132418E-01 -2.9977864E-01
01701 -3.2766503E-01 -7.1110282E-01
01702 -3.8343780E-01 -6.4138686E-01
01703 -3.4857981E-01 -3.6949460E-01
01704 -5.1589813E-01 -4.4618216E-01
01705 -3.6252301E-01 -2.7886385E-01
01706 -3.9738099E-01 -3.2766503E-01
01707 -4.8104014E-01 -5.3681291E-01
01708 -3.5555141E-01 -3.1372183E-01
01709 -3.8343780E-01 -6.1350047E-01
01710 -3.5555141E-01 -5.4378451E-01
01711 -3.1372183E-01 -3.4857981E-01
01712 -4.6709695E-01 -2.2309108E-01
01713 -3.4160822E-01 -3.8343780E-01
01714 -3.6252301E-01 -4.1132418E-01
01715 -3.6949460E-01 -5.9955728E-01
01716 -3.3463662E-01 -6.6230165E-01
01717 -5.0195493E-01 -3.4857981E-01
01718 -3.6252301E-01 -5.0195493E-01
01719 -2.7886385E-01 -5.1589813E-01
01720 -4.1829578E-01 -3.9738099E-01
01721 -3.9738099E-01 -7.1110282E-01
01722 -4.9498334E-01 -5.0195493E-01
01723 -3.8343780E-01 -3.3463662E-01
01724 -5.2286972E-01 -4.6709695E-01
01725 -4.8104014E-01 -4.0435258E-01
01726 -2.7189226E-01 -3.6949460E-01
01727 -3.1372183E-01 -5.1589813E-01
01728 -3.8343780E-01 -5.0892653E-01
01729 -4.3223897E-01 -3.9040939E-01
01730 -3.4160822E-01 -5.2286972E-01
01731 -4.1132418E-01 -5.2286972E-01
01732 -3.5555141E-01 -3.4857981E-01
01733 -2.9280704E-01 -5.8561409E-01
01734 -3.2069343E-01 -5.7864249E-01
01735 -4.1829578E-01 -4.8104014E-01
01736 -1.9520470E-01 -3.2069343E-01
01737 -3.6949460E-01 -4.1132418E-01
01738 -2.9977864E-01 -4.5315376E-01
01739 -4.6709695E-01 -5.5772770E-01
01740 -4.3223897E-01 -5.0195493E-01
01741 -3.6949460E-01 -4.0435258E-01
01742 -3.3463662E-01 -5.6469930E-01
01743 -3.2766503E-01 -4.8104014E-01
01744 -3.8343780E-01 -2.9280704E-01
01745 -4.4618216E-01 -3.9738099E-01
01746 -2.7886385E-01 -4.0435258E-01
01747 -2.5097747E-01 -4.1829578E-01
01748 -3.8343780E-01 -4.6012536E-01
01749 -3.6949460E-01 -3.9040939E-01
01750 -3.4160822E-01 -3.6949460E-01
01751 -2.7886385E-01 -2.9977864E-01
01752 -4.0435258E-01 -3.0675024E-01
01753 -3.9738099E-01 -5.6469930E-01
01754 -2.9280704E-01 -4.3223897E-01
01755 -3.9040939E-01 -4.5315376E-01
01756 -4.9498334E-01 -5.9955728E-01
01757 -4.3921057E-01 -4.8801174E-01
01758 -2.7886385E-01 -4.0435258E-01
01759 -3.6949460E-01 -3.9040939E-01
01760 -2.4400587E-01 -3.2069343E-01
01761 -3.0675024E-01 -4.1829578E-01
01762 -4.1829578E-01 -4.0435258E-01
01763 -3.6949460E-01 -2.1611949E-01
01764 -3.3463662E-01 -4.7406855E-01
01765 -3.9040939E-01 -6.6927324E-01
01766 -3.9738099E-01 -5.3681291E-01
01767 -4.1829578E-01 -5.4378451E-01
01768 -3.2069343E-01 -3.4857981E-01
01769 -3.3463662E-01 -2.8583545E-01
01770 -3.9738099E-01 -4.7406855E-01
01771 -3.1372183E-01 -4.5315376E-01
01772 -3.9738099E-01 -3.9738099E-01
01773 -2.3703427E-01 -2.4400587E-01
01774 -4.1829578E-01 -3.6252301E-01
01775 -3.4857981E-01 -4.0435258E-01
01776 -4.5315376E-01 -5.5075611E-01
01777 -2.3703427E-01 -3.6252301E-01
01778 -3.6949460E-01 -4.0435258E-01
01779 -3.6949460E-01 -3.5555141E-01
01780 -2.9977864E-01 -4.6012536E-01
01781 -3.2766503E-01 -5.4378451E-01
01782 -4.6709695E-01 -3.7646620E-01
01783 -3.4857981E-01 -5.4378451E-01
01784 -2.9280704E-01 -2.5097747E-01
01785 -3.5555141E-01 -3.4857981E-01
01786 -4.4618216E-01 -3.2766503E-01
01787 -3.6949460E-01 -4.1132418E-01
01788 -4.2526737E-01 -6.3441526E-01
01789 -3.3463662E-01 -3.9040939E-01
01790 -3.6252301E-01 -2.6492066E-01
01791 -4.1829578E-01 -4.1132418E-01
01792 -3.0675024E-01 -4.5315376E-01
01793 -3.1372183E-01 -3.8343780E-01
01794 -3.9738099E-01 -4.8801174E-01
01795 -4.1132418E-01 -6.3441526E-01
01796 -3.5555141E-01 -4.1829578E-01
01797 -2.6492066E-01 -4.8104014E-01
01798 -3.4857981E-01 -3.8343780E-01
01799 -4.1829578E-01 -3.3463662E-01
01800 -3.2069343E-01 -3.2069343E-01
01801 -3.2766503E-01 -5.4378451E-01
01802 -3.2766503E-01 -4.9498334E-01
01803 -3.9040939E-01 -4.8801174E-01
01804 -3.5555141E-01 -6.6230165E-01
01805 -2.8583545E-01 -4.8801174E-01
01806 -4.0435258E-01 -5.3681291E-01
01807 -3.1372183E-01 -2.7189226E-01
01808 -3.8343780E-01 -4.3921057E-01
01809 -4.1132418E-01 -3.8343780E-01
01810 -4.0435258E-01 -6.8321644E-01
01811 -3.6252301E-01 -4.8104014E-01
01812 -2.4400587E-01 -3.8343780E-01
01813 -3.9738099E-01 -4.5315376E-01
01814 -3.9040939E-01 -2.3703427E-01
01815 -3.4857981E-01 -4.1829578E-01
01816 -3.3463662E-01 -4.1829578E-01
01817 -4.3223897E-01 -2.9280704E-01
01818 -2.5097747E-01 -3.5555141E-01
01819 -3.9040939E-01 -2.3703427E-01
01820 -4.2526737E-01 -2.7189226E-01
01821 -2.5794906E-01 -2.7189226E-01
01822 -4.1132418E-01 -4.1829578E-01
01823 -3.1372183E-01 -4.1829578E-01
01824 -2.7189226E-01 -3.7646620E-01
01825 -2.9280704E-01 -3.8343780E-01
01826 -3.1372183E-01 -3.5555141E-01
01827 -3.1372183E-01 -5.5075611E-01
01828 -3.0675024E-01 -3.2069343E-01
01829 -2.7886385E-01 -1.5337512E-01
01830 -3.5555141E-01 -2.4400587E-01
01831 -3.4160822E-01 -3.4160822E-01
01832 -4.8801174E-01 -3.8343780E-01
01833 -2.7886385E-01 -4.5315376E-01
01834 -4.2526737E-01 -3.9738099E-01
01835 -4.2526737E-01 -3.7646620E-01
01836 -3.4160822E-01 -4.9498334E-01
01837 -3.8343780E-01 -3.6252301E-01
01838 -4.5315376E-01 -3.4857981E-01
01839 -3.7646620E-01 -4.3921057E-01
01840 -4.8801174E-01 -2.5794906E-01
01841 -5.0195493E-01 -3.9738099E-01
01842 -2.1611949E-01 -4.5315376E-01
01843 -3.5555141E-01 -3.4857981E-01
01844 -3.4857981E-01 -3.4160822E-01
01845 -4.3223897E-01 -3.6252301E-01
01846 -5.1589813E-01 -2.7886385E-01
01847 -3.2069343E-01 -3.6949460E-01
01848 -3.9040939E-01 -4.8104014E-01
01849 -2.8583545E-01 -4.4618216E-01
01850 -2.5097747E-01 -5.8561409E-01
01851 -4.1829578E-01 -4.5315376E-01
01852 -3.1372183E-01 -3.9040939E-01
01853 -4.3223897E-01 -5.3681291E-01
01854 -3.1372183E-01 -4.3223897E-01
01855 -4.2526737E-01 -3.7646620E-01
01856 -2.2309108E-01 -4.3921057E-01
01857 -4.1829578E-01 -3.9040939E-01
01858 -1.2548873E-01 -5.6469930E-01
01859 -3.4857981E-01 -4.5315376E-01
01860 -3.1372183E-01 -3.8343780E-01
01861 -3.0675024E-01 -3.5555141E-01
01862 -3.9738099E-01 -3.3463662E-01
01863 -4.1829578E-01 -4.4618216E-01
01864 -5.4378451E-01 -4.5315376E-01
01865 -3.9738099E-01 -4.1132418E-01
01866 -3.6949460E-01 -3.4160822E-01
01867 -2.5794906E-01 -2.4400587E-01
01868 -3.2069343E-01 -3.8343780E-01
01869 -3.2069343E-01 -5.9258568E-01
01870 -3.4857981E-01 -4.0435258E-01
01871 -3.2766503E-01 -3.5555141E-01
01872 -2.7886385E-01 -4.7406855E-01
01873 -2.3703427E-01 -3.2766503E-01
01874 -3.4857981E-01 -3.9738099E-01
01875 -3.7646620E-01 -2.0217629E-01
01876 -5.0195493E-01 -4.2526737E-01
01877 -3.3463662E-01 -3.7646620E-01
01878 -2.3006268E-01 -3.5555141E-01
01879 -2.7189226E-01 -4.6709695E-01
01880 -2.8583545E-01 -4.5315376E-01
01881 -3.8343780E-01 -3.3463662E-01
01882 -2.9977864E-01 -2.9280704E-01
01883 -3.4857981E-01 -2.2309108E-01
01884 -3.4857981E-01 -3.2766503E-01
01885 -3.8343780E-01 -3.9738099E-01
01886 -4.6012536E-01 -4.3223897E-01
01887 -2.6492066E-01 -5.3681291E-01
01888 -2.7886385E-01 -2.3006268E-01
01889 -3.8343780E-01 -4.1829578E-01
01890 -4.1829578E-01 -4.1829578E-01
01891 -3.7646620E-01 -5.6469930E-01
01892 -3.3463662E-01 -4.6709695E-01
01893 -3.9738099E-01 -4.5315376E-01
01894 -3.6252301E-01 -4.3921057E-01
01895 -2.6492066E-01 -2.8583545E-01
01896 -3.9738099E-01 -3.5555141E-01
01897 -3.2766503E-01 -3.1372183E-01
01898 -2.7189226E-01 -3.8343780E-01
01899 -2.1611949E-01 -5.2984132E-01
01900 -3.9738099E-01 -3.4160822E-01
01901 -2.7886385E-01 -2.9280704E-01
01902 -3.5555141E-01 -2.3006268E-01
01903 -3.4857981E-01 -4.6012536E-01
01904 -2.8583545E-01 -4.5315376E-01
01905 -3.8343780E-01 -3.3463662E-01
01906 -3.6252301E-01 -4.4618216E-01
01907 -2.7886385E-01 -3.6949460E-01
01908 -2.0217629E-01 -4.1829578E-01
01909 -4.1829578E-01 -2.4400587E-01
01910 -4.1132418E-01 -4.3223897E-01
01911 -2.9280704E-01 -4.9498334E-01
01912 -4.3921057E-01 -4.8801174E-01
01913 -3.9040939E-01 -5.9955728E-01
01914 -3.4160822E-01 -2.9977864E-01
01915 -3.1372183E-01 -3.7646620E-01
01916 -3.0675024E-01 -2.5794906E-01
01917 -2.3703427E-01 -3.2069343E-01
01918 -4.2526737E-01 -4.8801174E-01
01919 -4.6709695E-01 -2.9977864E-01
01920 -4.1132418E-01 -5.1589813E-01
01921 -4.3223897E-01 -4.8801174E-01
01922 -1.9520470E-01 -4.1132418E-01
01923 -3.6949460E-01 -4.3223897E-01
01924 -3.7646620E-01 -3.6949460E-01
01925 -2.5794906E-01 -3.5555141E-01
01926 -3.3463662E-01 -3.8343780E-01
01927 -2.3006268E-01 -3.2766503E-01
01928 -2.7189226E-01 -3.5555141E-01
01929 -3.1372183E-01 -4.1132418E-01
01930 -3.0675024E-01 -4.2526737E-01
01931 -3.2069343E-01 -2.8583545E-01
01932 -3.6252301E-01 -3.8343780E-01
01933 -3.1372183E-01 -3.2766503E-01
01934 -3.4160822E-01 -4.0435258E-01
01935 -3.3463662E-01 -4.8801174E-01
01936 -2.5097747E-01 -3.4857981E-01
01937 -3.7646620E-01 -3.6252301E-01
01938 -2.4400587E-01 -3.8343780E-01
01939 -3.2069343E-01 -4.6709695E-01
01940 -3.5555141E-01 -3.2069343E-01
01941 -3.3463662E-01 -2.1611949E-01
01942 -4.5315376E-01 -3.1372183E-01
01943 -5.0892653E-01 -3.0675024E-01
01944 -2.6492066E-01 -3.9040939E-01
01945 -3.4160822E-01 -1.8823310E-01
01946 -2.8583545E-01 -2.8583545E-01
01947 -3.2069343E-01 -3.9040939E-01
01948 -2.7886385E-01 -3.9738099E-01
01949 -1.7428991E-01 -3.9040939E-01
01950 -1.8823310E-01 -2.5794906E-01
01951 -3.4160822E-01 -3.4160822E-01
01952 -3.6252301E-01 -2.9280704E-01
01953 -3.4160822E-01 -3.4160822E-01
01954 -1.3246033E-01 -3.6252301E-01
01955 -3.7646620E-01 -1.6731831E-01
01956 -3.6252301E-01 -3.9040939E-01
01957 -2.5794906E-01 -5.9258568E-01
01958 -4.4618216E-01 -3.4857981E-01
01959 -3.5555141E-01 -3.8343780E-01
01960 -3.4160822E-01 -4.6709695E-01
01961 -3.1372183E-01 -1.6731831E-01
01962 -2.1611949E-01 -3.0675024E-01
01963 -3.1372183E-01 -2.7189226E-01
01964 -2.8583545E-01 -2.3006268E-01
01965 -2.9977864E-01 -2.9280704E-01
01966 -3.3463662E-01 -3.8343780E-01
01967 -2.7189226E-01 -3.4160822E-01
01968 -1.4640352E-01 -1.9520470E-01
01969 -3.6949460E-01 -3.9040939E-01
01970 -2.0914789E-01 -3.4857981E-01
01971 -1.9520470E-01 -4.6012536E-01
01972 -2.2309108E-01 -4.8801174E-01
01973 -4.1132418E-01 -3.2069343E-01
01974 -3.3463662E-01 -3.4160822E-01
01975 -4.4618216E-01 -4.6012536E-01
01976 -2.4400587E-01 -3.0675024E-01
01977 -2.7886385E-01 -3.4160822E-01
01978 -3.1372183E-01 -1.6034671E-01
01979 -3.6252301E-01 -2.5097747E-01
01980 -3.6949460E-01 -5.1589813E-01
01981 -2.7886385E-01 -3.9040939E-01
01982 -2.8583545E-01 -2.0914789E-01
01983 -3.4857981E-01 -4.1829578E-01
01984 -1.8126150E-01 -4.8801174E-01
01985 -2.3006268E-01 -3.3463662E-01
01986 -3.0675024E-01 -4.7406855E-01
01987 -2.7189226E-01 -2.6492066E-01
01988 -2.1611949E-01 -3.0675024E-01
01989 -3.6252301E-01 -2.8583545E-01
01990 -4.2526737E-01 -4.1132418E-01
01991 -2.2309108E-01 -2.6492066E-01
01992 -2.5097747E-01 -3.4160822E-01
01993 -3.0675024E-01 -4.3223897E-01
01994 -3.1372183E-01 -2.0914789E-01
01995 -2.0217629E-01 -2.2309108E-01
01996 -2.9977864E-01 -2.7886385E-01
01997 -1.7428991E-01 -3.8343780E-01
01998 -2.5097747E-01 -3.9738099E-01
01999 -2.2309108E-01 -4.2526737E-01
02000 -3.1372183E-01 -3.8343780E-01
02001 -3.8343780E-01 -2.2309108E-01
02002 -3.2766503E-01 -3.9040939E-01
02003 -3.2766503E-01 -2.5097747E-01
02004 -4.1829578E-01 -4.1132418E-01
02005 -3.5555141E-01 -2.3703427E-01
02006 -4.0435258E-01 -2.7886385E-01
02007 -3.1372183E-01 -2.0217629E-01
02008 -3.4160822E-01 -3.3463662E-01
02009 -2.4400587E-01 -4.1829578E-01
02010 -3.2766503E-01 -5.7167090E-01
02011 -2.3703427E-01 -4.1829578E-01
02012 -3.9040939E-01 -3.2766503E-01
02013 -2.6492066E-01 -1.3943193E-01
02014 -3.9738099E-01 -3.4857981E-01
02015 -1.8823310E-01 -3.0675024E-01
02016 -4.6012536E-01 -3.6252301E-01
02017 -3.6252301E-01 -2.5794906E-01
02018 -3.9738099E-01 -3.7646620E-01
02019 -2.6492066E-01 -2.2309108E-01
02020 -2.5794906E-01 -3.5555141E-01
02021 -3.1372183E-01 -5.5772770E-01
02022 -4.3921057E-01 -3.5555141E-01
02023 -3.3463662E-01 -4.2526737E-01
02024 -3.6252301E-01 -4.8801174E-01
02025 -1.6731831E-01 -3.2766503E-01
02026 -2.9280704E-01 -5.2286972E-01
02027 -2.9280704E-01 -3.4857981E-01
02028 -2.2309108E-01 -2.6492066E-01
02029 -2.5794906E-01 -4.8801174E-01
02030 -2.8583545E-01 -3.4857981E-01
02031 -2.7886385E-01 -2.3006268E-01
02032 -2.5794906E-01 -2.2309108E-01
02033 -3.0675024E-01 -3.8343780E-01
02034 -4.1132418E-01 -3.6252301E-01
02035 -2.9977864E-01 -3.0675024E-01
02036 -3.5555141E-01 -9.7602348E-02
02037 -3.2069343E-01 -3.2069343E-01
02038 -4.1132418E-01 -3.3463662E-01
02039 -3.5555141E-01 -3.8343780E-01
02040 -3.9738099E-01 -4.4618216E-01
02041 -3.4857981E-01 -3.4160822E-01
02042 -2.0914789E-01 -2.5794906E-01
02043 -4.8801174E-01 -2.3703427E-01
02044 -2.2309108E-01 -2.8583545E-01
02045 -4.1132418E-01 -4.8104014E-01
02046 -3.9040939E-01 -3.2766503E-01
02047 -2.5794906E-01 -1.6034671E-01
02048 -3.1372183E-01 -2.9977864E-01
02049 -2.3006268E-01 -4.0435258E-01
02050 -3.6252301E-01 -2.7189226E-01
02051 -4.6709695E-01 -4.8801174E-01
02052 -2.9280704E-01 -3.2069343E-01
02053 -2.4400587E-01 -2.3703427E-01
02054 -2.3703427E-01 -5.2286972E-01
02055 -3.6949460E-01 -4.8104014E-01
02056 -3.4160822E-01 -3.9738099E-01
02057 -3.9738099E-01 -5.1589813E-01
02058 -3.1372183E-01 -1.9520470E-01
02059 -2.7886385E-01 -3.9040939E-01
02060 -3.4857981E-01 -2.0217629E-01
02061 -3.6252301E-01 -2.8583545E-01
02062 -3.5555141E-01 -3.2069343E-01
02063 -4.1132418E-01 -3.9040939E-01
02064 -1.5337512E-01 -3.1372183E-01
02065 -3.5555141E-01 -2.5794906E-01
02066 -2.9977864E-01 -2.9280704E-01
02067 -2.5794906E-01 -2.3703427E-01
02068 -2.5794906E-01 -3.2766503E-01
02069 -3.9040939E-01 -4.1829578E-01
02070 -2.2309108E-01 -2.0914789E-01
02071 -2.4400587E-01 -3.1372183E-01
02072 -2.7189226E-01 -3.1372183E-01
02073 -3.3463662E-01 -1.6731831E-01
02074 -3.4857981E-01 -4.4618216E-01
02075 -2.2309108E-01 -3.3463662E-01
02076 -3.1372183E-01 -1.3246033E-01
02077 -2.2309108E-01 -5.2984132E-01
02078 -4.0435258E-01 -2.9280704E-01
02079 -2.0217629E-01 -3.7646620E-01
02080 -2.9280704E-01 -5.8561409E-01
02081 -2.8583545E-01 -1.6731831E-01
02082 -4.1829578E-01 -1.5337512E-01
02083 -2.9280704E-01 -4.1132418E-01
02084 -3.3463662E-01 -3.2766503E-01
02085 -2.3006268E-01 -3.3463662E-01
02086 -2.5097747E-01 -3.4857981E-01
02087 -3.6949460E-01 -2.1611949E-01
02088 -2.4400587E-01 -1.3246033E-01
02089 -3.7646620E-01 -1.1851714E-01
02090 -2.8583545E-01 -3.5555141E-01
02091 -2.0217629E-01 -1.5337512E-01
02092 -2.0914789E-01 -2.7886385E-01
02093 -2.5794906E-01 -2.4400587E-01
02094 -2.7189226E-01 -4.5315376E-01
02095 -1.8823310E-01 -2.6492066E-01
02096 -3.5555141E-01 -2.3006268E-01
02097 -2.7189226E-01 -1.8823310E-01
02098 -1.5337512E-01 -4.2526737E-01
02099 -3.5555141E-01 -2.0914789E-01
02100 -2.7886385E-01 -1.5337512E-01
02101 -3.6252301E-01 -4.1829578E-01
02102 -1.7428991E-01 -1.6034671E-01
02103 -3.5555141E-01 -3.4160822E-01
02104 -3.6949460E-01 -2.7886385E-01
02105 -3.8343780E-01 -3.6252301E-01
02106 -2.3703427E-01 -2.3006268E-01
02107 -2.5097747E-01 -2.1611949E-01
02108 -1.7428991E-01 -3.3463662E-01
02109 -2.0217629E-01 -3.4160822E-01
02110 -3.2766503E-01 -2.5794906E-01
02111 -1.8126150E-01 -2.0914789E-01
02112 -3.1372183E-01 -2.8583545E-01
02113 -2.5097747E-01 -2.9977864E-01
02114 -3.5555141E-01 -2.2309108E-01
02115 -2.8583545E-01 -2.0914789E-01
02116 -2.5794906E-01 -2.0217629E-01
02117 -2.7189226E-01 -2.3006268E-01
02118 -2.9280704E-01 -2.6492066E-01
02119 -2.5097747E-01 -4.0435258E-01
02120 -3.4857981E-01 -2.9280704E-01
02121 -2.5097747E-01 -1.8126150E-01
02122 -3.2766503E-01 -2.8583545E-01
02123 -2.3006268E-01 -3.9738099E-01
02124 -1.3943193E-01 -2.0217629E-01
02125 -2.2309108E-01 -8.3659155E-02
02126 -3.0675024E-01 -1.3943193E-01
02127 -3.4160822E-01 -4.1132418E-01
02128 -4.4618216E-01 -4.2526737E-01
02129 -2.2309108E-01 -3.2069343E-01
02130 -2.7189226E-01 -2.8583545E-01
02131 -1.5337512E-01 -1.3943193E-01
02132 -2.9280704E-01 -3.3463662E-01
02133 -3.6949460E-01 -5.5772770E-02
02134 -3.1372183E-01 -2.1611949E-01
02135 -3.1372183E-01 -2.8583545E-01
02136 -2.5097747E-01 -1.4640352E-01
02137 -2.1611949E-01 -1.1154554E-01
02138 -2.4400587E-01 -3.2069343E-01
02139 -3.4160822E-01 -2.7886385E-01
02140 -2.7189226E-01 -3.0675024E-01
02141 -1.8823310E-01 -3.0675024E-01
02142 -2.5097747E-01 -1.6731831E-01
02143 -3.6949460E-01 -1.3943193E-01
02144 -2.1611949E-01 -2.9977864E-01
02145 -2.3006268E-01 -3.2069343E-01
02146 -1.7428991E-01 -2.6492066E-01
02147 -1.1851714E-01 -2.8583545E-01
02148 -2.9977864E-01 -3.4160822E-01
02149 -2.7886385E-01 -2.0914789E-01
02150 -2.4400587E-01 -2.6492066E-01
02151 -2.0217629E-01 -4.1829578E-02
02152 -3.2069343E-01 -2.7886385E-01
02153 -2.0914789E-01 -3.6252301E-01
02154 -2.0217629E-01 -1.6034671E-01
02155 -3.0675024E-01 -2.0914789E-01
02156 -3.0675024E-01 -1.4640352E-01
02157 -2.4400587E-01 -9.7602348E-02
02158 -2.9977864E-01 -3.8343780E-01
02159 -2.7886385E-01 -4.0435258E-01
02160 -2.8583545E-01 -1.3943193E-01
02161 -2.7886385E-01 -1.1154554E-01
02162 -2.6492066E-01 -1.7428991E-01
02163 -2.7189226E-01 -2.3703427E-01
02164 -3.2069343E-01 -2.3006268E-01
02165 -2.9977864E-01 -1.4640352E-01
02166 -3.3463662E-01 -3.2766503E-01
02167 -3.4160822E-01 -2.4400587E-01
02168 -2.3703427E-01 -2.5097747E-01
02169 -2.3006268E-01 -3.2766503E-01
02170 -2.6492066E-01 -1.4640352E-01
02171 -2.9280704E-01 -4.3921057E-01
02172 -2.1611949E-01 -4.5315376E-01
02173 -2.8583545E-01 -2.3703427E-01
02174 -2.5794906E-01 -3.0675024E-01
02175 -2.4400587E-01 -3.2766503E-01
02176 -2.7886385E-01 -3.9738099E-01
02177 -2.2309108E-01 -2.9977864E-01
02178 -2.7886385E-01 -3.1372183E-01
02179 -2.9977864E-01 -3.6949460E-01
02180 -2.5097747E-01 -3.6252301E-01
02181 -3.3463662E-01 -1.6731831E-01
02182 -2.0217629E-01 -1.6034671E-01
02183 -3.4857981E-01 -1.5337512E-01
02184 -2.5794906E-01 -1.1154554E-01
02185 -1.6731831E-01 -2.3703427E-01
02186 -3.3463662E-01 -2.1611949E-01
02187 -3.6252301E-01  7.6687559E-02
02188 -2.6492066E-01 -3.6949460E-01
02189 -2.5794906E-01 -4.0435258E-01
02190 -2.9280704E-01 -2.2309108E-01
02191 -2.3703427E-01 -2.8583545E-01
02192 -2.0217629E-01 -3.4160822E-01
02193 -2.7189226E-01 -3.1372183E-01
02194 -1.0457394E-01 -1.7428991E-01
02195 -2.1611949E-01 -1.8823310E-01
02196 -3.2069343E-01 -1.6731831E-01
02197 -2.8583545E-01 -3.2069343E-01
02198 -1.1851714E-01 -2.8583545E-01
02199 -2.9977864E-01 -2.7189226E-01
02200 -3.2069343E-01 -4.1829578E-01
02201 -2.5794906E-01 -2.8583545E-01
02202 -1.7428991E-01 -1.3943193E-01
02203 -2.7189226E-01 -4.3921057E-01
02204 -2.6492066E-01 -2.4400587E-01
02205 -2.7189226E-01 -3.6949460E-01
02206 -9.0630752E-02 -2.3006268E-01
02207 -1.6034671E-01 -2.6492066E-01
02208 -2.3703427E-01 -2.5794906E-01
02209 -2.5097747E-01 -2.9977864E-01
02210 -2.5794906E-01 -2.6492066E-01
02211 -3.2069343E-01 -2.7886385E-01
02212 -2.1611949E-01 -2.9280704E-01
02213 -1.7428991E-01 -2.7886385E-01
02214 -2.5097747E-01 -1.2548873E-01
02215 -3.0675024E-01 -1.8823310E-01
02216 -2.2309108E-01 -4.0435258E-01
02217 -1.8823310E-01 -2.3006268E-01
02218 -1.7428991E-01 -9.0630752E-02
02219 -2.9280704E-01 -1.4640352E-01
02220 -2.2309108E-01 -2.9280704E-01
02221 -3.1372183E-01 -1.7428991E-01
02222 -1.1851714E-01 -8.3659155E-02
02223 -2.0217629E-01 -1.0457394E-01
02224 -2.2309108E-01 -5.0195493E-01
02225 -2.3703427E-01 -3.2069343E-01
02226 -4.3223897E-01 -3.5555141E-01
02227 -4.1132418E-01 -2.0914789E-01
02228 -2.7886385E-01 -3.0675024E-01
02229 -3.4857981E-01 -2.4400587E-01
02230 -1.9520470E-01 -4.9498334E-01
02231 -2.3703427E-01 -2.7189226E-01
02232 -3.4857981E-01 -2.6492066E-01
02233 -2.9977864E-01 -2.7886385E-01
02234 -3.7646620E-01 -2.5794906E-01
02235 -3.6949460E-01 -1.8126150E-01
02236 -2.0217629E-01 -1.2548873E-01
02237 -2.8583545E-01 -2.2309108E-01
02238 -2.7189226E-01 -6.9715963E-02
02239 -1.8823310E-01 -1.1851714E-01
02240 -3.6252301E-01 -1.6034671E-01
02241 -3.4857981E-01 -1.5337512E-01
02242 -2.9977864E-01 -3.6252301E-01
